4d 5a 90 00 03 00 00 00  04 00 00 00 ff ff 00 00
b8 00 00 00 00 00 00 00  40 00 00 00 00 00 00 00
00 00 00 00 00 00 00 00  00 00 00 00 00 00 00 00
00 00 00 00 00 00 00 00  00 00 00 00 f0 00 00 00
0e 1f ba 0e 00 b4 09 cd  21 b8 01 4c cd 21 54 68
69 73 20 70 72 6f 67 72  61 6d 20 63 61 6e 6e 6f
74 20 62 65 20 72 75 6e  20 69 6e 20 44 4f 53 20
6d 6f 64 65 2e 0d 0d 0a  24 00 00 00 00 00 00 00
6b 58 8b a3 2f 39 e5 f0  2f 39 e5 f0 2f 39 e5 f0
26 41 76 f0 21 39 e5 f0  3e bf e4 f1 2d 39 e5 f0
3e bf e6 f1 2c 39 e5 f0  3e bf e1 f1 25 39 e5 f0
3e bf e0 f1 3b 39 e5 f0  5b b8 e4 f1 26 39 e5 f0
2f 39 e4 f0 4a 39 e5 f0  d7 be ed f1 2d 39 e5 f0
d7 be 1a f0 2e 39 e5 f0  d7 be e7 f1 2e 39 e5 f0
52 69 63 68 2f 39 e5 f0  00 00 00 00 00 00 00 00
50 45 00 00 64 86 06 00  4b ee 73 68 00 00 00 00
00 00 00 00 f0 00 22 00  0b 02 0e 2b 00 22 00 00
00 4c 00 00 00 00 00 00  00 24 00 00 00 10 00 00
00 00 00 40 01 00 00 00  00 10 00 00 00 02 00 00
06 00 00 00 00 00 00 00  06 00 00 00 00 00 00 00
00 c0 00 00 00 04 00 00  00 00 00 00 03 00 60 81
00 00 10 00 00 00 00 00  00 10 00 00 00 00 00 00
00 00 10 00 00 00 00 00  00 10 00 00 00 00 00 00
00 00 00 00 10 00 00 00  00 00 00 00 00 00 00 00
f4 6e 00 00 04 01 00 00  00 a0 00 00 e0 01 00 00
00 90 00 00 b8 02 00 00  00 00 00 00 00 00 00 00
00 b0 00 00 34 01 00 00  60 68 00 00 38 00 00 00
00 00 00 00 00 00 00 00  00 00 00 00 00 00 00 00
00 00 00 00 00 00 00 00  20 67 00 00 40 01 00 00
00 00 00 00 00 00 00 00  00 40 00 00 50 03 00 00
00 00 00 00 00 00 00 00  00 00 00 00 00 00 00 00
00 00 00 00 00 00 00 00  2e 74 65 78 74 00 00 00
6c 20 00 00 00 10 00 00  00 22 00 00 00 04 00 00
00 00 00 00 00 00 00 00  00 00 00 00 20 00 00 60
2e 72 64 61 74 61 00 00  d6 3b 00 00 00 40 00 00
00 3c 00 00 00 26 00 00  00 00 00 00 00 00 00 00
00 00 00 00 40 00 00 40  2e 64 61 74 61 00 00 00
98 06 00 00 00 80 00 00  00 02 00 00 00 62 00 00
00 00 00 00 00 00 00 00  00 00 00 00 40 00 00 c0
2e 70 64 61 74 61 00 00  b8 02 00 00 00 90 00 00
00 04 00 00 00 64 00 00  00 00 00 00 00 00 00 00
00 00 00 00 40 00 00 40  2e 72 73 72 63 00 00 00
e0 01 00 00 00 a0 00 00  00 02 00 00 00 68 00 00
00 00 00 00 00 00 00 00  00 00 00 00 40 00 00 40
2e 72 65 6c 6f 63 00 00  34 01 00 00 00 b0 00 00
00 02 00 00 00 6a 00 00  00 00 00 00 00 00 00 00
00 00 00 00 40 00 00 42  00 00 00 00 00 00 00 00
00 00 00 00 00 00 00 00  00 00 00 00 00 00 00 00
00 00 00 00 00 00 00 00  00 00 00 00 00 00 00 00
00 00 00 00 00 00 00 00  00 00 00 00 00 00 00 00
00 00 00 00 00 00 00 00  00 00 00 00 00 00 00 00
00 00 00 00 00 00 00 00  00 00 00 00 00 00 00 00
00 00 00 00 00 00 00 00  00 00 00 00 00 00 00 00
00 00 00 00 00 00 00 00  00 00 00 00 00 00 00 00
00 00 00 00 00 00 00 00  00 00 00 00 00 00 00 00
00 00 00 00 00 00 00 00  00 00 00 00 00 00 00 00
00 00 00 00 00 00 00 00  00 00 00 00 00 00 00 00
00 00 00 00 00 00 00 00  00 00 00 00 00 00 00 00
00 00 00 00 00 00 00 00  00 00 00 00 00 00 00 00
00 00 00 00 00 00 00 00  00 00 00 00 00 00 00 00
00 00 00 00 00 00 00 00  00 00 00 00 00 00 00 00
00 00 00 00 00 00 00 00  00 00 00 00 00 00 00 00
00 00 00 00 00 00 00 00  00 00 00 00 00 00 00 00
00 00 00 00 00 00 00 00  00 00 00 00 00 00 00 00
48 8d 05 79 76 00 00 c3  cc cc cc cc cc cc cc cc
48 89 4c 24 08 48 89 54  24 10 4c 89 44 24 18 4c
89 4c 24 20 53 56 57 48  83 ec 30 48 8b f9 48 8d
74 24 58 b9 01 00 00 00  ff 15 e2 32 00 00 48 8b
d8 e8 ba ff ff ff 45 33  c9 48 89 74 24 20 4c 8b
c7 48 8b d3 48 8b 08 ff  15 ab 32 00 00 48 83 c4
30 5f 5e 5b c3 cc cc cc  cc cc cc cc cc cc cc cc
4c 89 44 24 18 4c 89 4c  24 20 53 55 56 48 83 ec
40 48 8d 42 ff 49 8b e8  48 8b f1 48 3d fe ff ff
7f 76 1b b8 57 00 07 80  48 85 d2 0f 84 86 00 00
00 33 db 66 89 19 48 83  c4 40 5e 5d 5b c3 48 89
7c 24 38 33 db 4c 89 74  24 30 48 8d 7a ff 4c 8d
74 24 78 e8 38 ff ff ff  4c 89 74 24 28 4c 8b cd
4c 8b c7 48 89 5c 24 20  48 8b d6 48 8b 08 48 83
c9 01 ff 15 30 32 00 00  4c 8b 74 24 30 b9 ff ff
ff ff 85 c0 0f 48 c1 85  c0 78 1c 48 98 48 3b c7
77 15 75 1c 66 89 1c 7e  8b c3 48 8b 7c 24 38 48
83 c4 40 5e 5d 5b c3 66  89 1c 7e bb 7a 00 07 80
48 8b 7c 24 38 8b c3 48  83 c4 40 5e 5d 5b c3 cc
48 89 5c 24 08 57 48 83  ec 20 48 8b fa 8b d9 83
f9 01 0f 8e f9 00 00 00  0f 1f 84 00 00 00 00 00
4c 8b 47 08 48 8d 57 08  66 41 83 38 2d 0f 85 de
00 00 00 41 0f b7 48 02  83 e9 63 0f 84 9e 00 00
00 83 e9 01 74 1d 83 e9  04 0f 84 ec 00 00 00 83
f9 01 0f 85 d4 00 00 00  89 0d e2 74 00 00 e9 9f
00 00 00 ff cb 48 8b fa  83 fb 01 0f 8e 02 01 00
00 48 8b 4a 08 66 83 39  2d 0f 84 f4 00 00 00 45
33 c0 33 d2 ff 15 66 30  00 00 89 05 b4 74 00 00
85 c0 75 6e 48 8b 57 08  48 8d 0d 81 44 00 00 e8
3c fe ff ff 48 8d 15 4d  46 00 00 48 8d 0d 4e 46
00 00 e8 29 fe ff ff 48  8d 0d 72 46 00 00 e8 1d
fe ff ff 48 8d 0d a6 47  00 00 e8 11 fe ff ff b8
ff ff ff ff 48 8b 5c 24  30 48 83 c4 20 5f c3 ff
cb 48 8b fa 83 fb 01 0f  8e 97 00 00 00 48 8b 42
08 66 83 38 2d 0f 84 89  00 00 00 48 89 05 46 74
00 00 48 83 c7 08 ff cb  83 fb 01 0f 8f 0f ff ff
ff 83 3d 28 74 00 00 00  74 7b 83 3d 23 74 00 00
00 74 72 48 8d 0d 06 45  00 00 eb 9e 49 8b d0 48
8d 0d c2 44 00 00 e9 64  ff ff ff 48 8d 15 b6 45
00 00 48 8d 0d b7 45 00  00 e8 92 fd ff ff 48 8d
0d db 45 00 00 e8 86 fd  ff ff 48 8d 0d 0f 47 00
00 e8 7a fd ff ff 33 c0  48 8b 5c 24 30 48 83 c4
20 5f c3 48 8d 0d e6 43  00 00 e8 61 fd ff ff e9
20 ff ff ff 48 8d 0d 25  44 00 00 e8 50 fd ff ff
e9 0f ff ff ff 48 83 3d  ab 73 00 00 00 75 0c 48
8d 0d fa 44 00 00 e9 1f  ff ff ff 48 8b 5c 24 30
48 83 c4 20 5f e9 06 00  00 00 cc cc cc cc cc cc
48 89 5c 24 08 48 89 6c  24 10 48 89 74 24 18 48
89 7c 24 20 41 56 48 81  ec c0 00 00 00 48 8b 05
ec 6c 00 00 48 33 c4 48  89 84 24 b0 00 00 00 45
33 f6 48 c7 c3 ff ff ff  ff 4c 89 74 24 40 48 8b
f3 e8 1a 03 00 00 48 8d  15 3b 48 00 00 85 c0 75
11 48 8d 0d 60 48 00 00  e8 c3 fc ff ff e9 9f 02
00 00 48 8d 0d 87 48 00  00 e8 b2 fc ff ff 0f 57
c0 48 8d 4c 24 70 0f 11  44 24 70 ff 15 57 2e 00
00 85 c0 0f 85 6c 02 00  00 48 8d 54 24 40 48 8d
4c 24 70 ff 15 17 2e 00  00 85 c0 0f 85 54 02 00
00 48 8b 7c 24 40 48 85  ff 0f 84 46 02 00 00 0f
57 c0 33 c0 b9 08 02 00  00 48 89 84 24 a8 00 00
00 0f 11 84 24 88 00 00  00 48 89 84 24 80 00 00
00 0f 11 84 24 98 00 00  00 0f 11 44 24 70 ff 15
5c 2e 00 00 48 8b e8 48  85 c0 74 4b 4c 8b cf 4c
8d 05 52 4b 00 00 ba 04  01 00 00 48 8b c8 e8 7d
fc ff ff ba 01 00 00 00  48 8d 8c 24 88 00 00 00
ff 15 3a 2c 00 00 85 c0  75 2e ff 15 d8 2c 00 00
8b d0 48 8d 0d 57 4b 00  00 e8 f2 fb ff ff 48 8b
cd ff 15 11 2e 00 00 48  8d 0d 42 48 00 00 e8 dd
fb ff ff e9 c2 01 00 00  45 33 c9 4c 8d 44 24 78
ba 01 00 00 00 48 8d 0d  8c 4b 00 00 ff 15 06 2c
00 00 85 c0 75 11 ff 15  8c 2c 00 00 8b d0 48 8d
0d 9b 4b 00 00 eb b2 48  8d 44 24 70 41 b9 0a 00
00 00 48 89 44 24 38 45  33 c0 44 89 74 24 30 ba
03 00 00 40 c7 44 24 28  00 08 00 00 48 8b cd c7
44 24 20 00 08 00 00 ff  15 93 2c 00 00 48 8b f8
48 3b c3 75 14 ff 15 3d  2c 00 00 8b d0 48 8d 0d
ec 4b 00 00 e9 60 ff ff  ff 48 8b cd ff 15 76 2d
00 00 48 85 ff 0f 84 5c  ff ff ff 45 33 c9 45 33
c0 ba 01 00 00 00 33 c9  ff 15 1a 2c 00 00 48 8b
d8 48 85 c0 75 09 48 8d  1d 03 4c 00 00 eb 39 0f
57 c0 4c 89 74 24 48 48  8d 54 24 48 48 89 5c 24
60 48 8b cf f3 0f 7f 44  24 50 ff 15 a0 2b 00 00
85 c0 75 3e ff 15 ce 2b  00 00 3d e5 03 00 00 74
31 48 8d 1d 18 4c 00 00  ff 15 ba 2b 00 00 8b d0
48 8b cb e8 d8 fa ff ff  48 8d 0d 81 47 00 00 e8
cc fa ff ff 48 8b cf ff  15 83 2b 00 00 e9 b6 00
00 00 48 8d 0d af 47 00  00 e8 b2 fa ff ff 4c 8b
4c 24 40 48 8d 44 24 68  48 89 44 24 28 4c 8d 05
ac 03 00 00 33 d2 44 89  74 24 20 33 c9 44 89 74
24 68 ff 15 18 2b 00 00  48 8b f0 48 85 c0 75 25
ff 15 52 2b 00 00 8b d0  48 8d 0d f1 4b 00 00 e8
6c fa ff ff 48 8d 0d 85  47 00 00 e8 60 fa ff ff
48 8b cf eb 3f ba 88 13  00 00 48 8b cb ff 15 5d
2b 00 00 85 c0 74 11 48  8d 0d b2 47 00 00 e8 3d
fa ff ff 48 8b cf eb 1c  48 8b cf e8 60 05 00 00
48 8b cf eb 0f 48 8d 0d  24 46 00 00 e8 1f fa ff
ff 48 8b cb ff 15 d6 2a  00 00 48 8b cb ff 15 cd
2a 00 00 48 85 f6 74 09  48 8b ce ff 15 bf 2a 00
00 33 c0 48 8b 8c 24 b0  00 00 00 48 33 cc e8 5d
0b 00 00 4c 8d 9c 24 c0  00 00 00 49 8b 5b 10 49
8b 6b 18 49 8b 73 20 49  8b 7b 28 49 8b e3 41 5e
c3 cc cc cc cc cc cc cc  cc cc cc cc cc cc cc cc
4c 8b dc 55 56 41 56 48  8b ec 48 83 ec 70 48 8b
05 9b 69 00 00 48 33 c4  48 89 45 f0 4d 89 63 18
49 c7 c4 ff ff ff ff 4d  89 7b 20 45 33 ff 45 8b
f7 44 89 7d c0 41 8b f7  4c 89 65 c8 ff 15 7e 2a
00 00 4c 8d 45 c8 ba 28  00 00 00 48 8b c8 ff 15
8c 29 00 00 85 c0 75 19  ff 15 3a 2a 00 00 8b d0
48 8d 0d 19 47 00 00 e8  54 f9 ff ff e9 10 02 00
00 44 8b 4d c0 48 8d 45  c0 48 8b 4d c8 45 33 c0
ba 03 00 00 00 48 89 44  24 20 ff 15 90 29 00 00
85 c0 75 24 ff 15 fe 29  00 00 83 f8 7a 74 19 ff
15 f3 29 00 00 8b d0 48  8d 0d 22 47 00 00 e8 0d
f9 ff ff e9 c9 01 00 00  8b 4d c0 ff 15 1f 2b 00
00 48 8b f0 48 85 c0 0f  84 b4 01 00 00 44 8b 4d
c0 48 8d 45 c0 48 8b 4d  c8 4c 8b c6 ba 03 00 00
00 48 89 44 24 20 ff 15  34 29 00 00 85 c0 75 19
ff 15 a2 29 00 00 8b d0  48 8d 0d d1 46 00 00 e8
bc f8 ff ff e9 78 01 00  00 48 89 9c 24 90 00 00
00 41 8b df 39 1e 0f 86  5d 01 00 00 48 89 bc 24
98 00 00 00 0f 1f 40 00  0f 1f 84 00 00 00 00 00
8b c3 4c 8d 4d c4 45 33  c0 44 89 7d c4 48 8d 55
d0 48 8d 0c 40 f2 0f 10  44 8e 04 8b 44 8e 0c 33
c9 f2 0f 11 45 d0 89 45  d8 ff 15 51 28 00 00 85
c0 75 0b ff 15 2f 29 00  00 83 f8 7a 75 75 8b 45
c4 ff c0 8b c8 89 45 c4  b8 02 00 00 00 48 f7 e1
49 0f 42 c4 48 8b c8 ff  15 53 2a 00 00 48 8b f8
45 8b f7 48 85 c0 0f 84  d5 00 00 00 4c 8d 4d c4
4c 8b c0 48 8d 55 d0 33  c9 ff 15 01 28 00 00 85
c0 0f 84 a6 00 00 00 48  8d 15 6a 43 00 00 48 8b
cf ff 15 29 2b 00 00 85  c0 74 31 48 8b cf ff 15
14 2a 00 00 ff c3 3b 1e  0f 82 52 ff ff ff e9 8e
00 00 00 ff 15 af 28 00  00 8b d0 48 8d 0d 3e 46
00 00 e8 c9 f7 ff ff 45  8b f7 eb 75 48 8b 45 d0
4c 8d 45 e0 48 8b 4d c8  41 be 01 00 00 00 4c 89
7c 24 28 41 b9 10 00 00  00 33 d2 44 89 75 e0 48
89 45 e4 c7 45 ec 02 00  00 00 4c 89 7c 24 20 ff
15 83 27 00 00 85 c0 74  0b 48 8b cf ff 15 a6 29
00 00 eb 2d ff 15 4e 28  00 00 8b d0 48 8d 0d 3d
46 00 00 e8 68 f7 ff ff  45 8b f7 eb 14 ff 15 35
28 00 00 8b d0 48 8d 0d  c4 45 00 00 e8 4f f7 ff
ff 48 8b bc 24 98 00 00  00 48 8b 9c 24 90 00 00
00 48 8b 4d c8 4c 8b bc  24 a8 00 00 00 4c 8b a4
24 a0 00 00 00 48 85 c9  74 06 ff 15 e0 27 00 00
48 85 f6 74 09 48 8b ce  ff 15 3a 29 00 00 41 8b
c6 48 8b 4d f0 48 33 cc  e8 73 08 00 00 48 83 c4
70 41 5e 5e 5d c3 cc cc  cc cc cc cc cc cc cc cc
4c 8b dc 49 89 5b 10 49  89 73 18 57 41 56 41 57
48 81 ec b0 00 00 00 48  8b 05 c2 66 00 00 48 33
c4 48 89 84 24 a0 00 00  00 4c 8b f1 45 33 ff 4d
89 7b b8 0f 57 c0 41 0f  11 43 c8 41 c7 43 c0 10
00 00 00 41 8b df 41 8b  ff b9 20 00 00 00 ff 15
bc 28 00 00 48 8b f0 48  89 44 24 50 48 85 c0 0f
84 3b 01 00 00 48 8d 94  24 88 00 00 00 48 8b c8
ff 15 f2 26 00 00 85 c0  0f 84 22 01 00 00 b9 08
02 00 00 ff 15 87 28 00  00 48 8b d8 48 89 44 24
58 48 85 c0 0f 84 06 01  00 00 b9 08 02 00 00 ff
15 6b 28 00 00 48 8b f8  48 89 44 24 60 48 85 c0
0f 84 ea 00 00 00 4c 8b  ce 4c 8d 05 f8 47 00 00
ba 04 01 00 00 48 8b cb  e8 83 f6 ff ff 4c 89 74
24 20 4c 8b ce 4c 8d 05  ec 47 00 00 ba 04 01 00
00 48 8b cf e8 67 f6 ff  ff 90 44 89 7c 24 38 48
8d 84 24 90 00 00 00 48  89 44 24 30 4c 89 7c 24
28 48 8d 84 24 80 00 00  00 48 89 44 24 20 4c 8b
cb 45 33 c0 ba 01 00 00  00 48 8d 0d 20 2d 00 00
ff 15 52 27 00 00 48 89  44 24 68 85 c0 75 60 4c
89 7c 24 40 44 89 7c 24  38 48 89 7c 24 30 44 89
7c 24 28 c7 44 24 20 00  01 00 00 4c 8b 8c 24 80
00 00 00 45 33 c0 ba 41  00 00 00 48 8d 0d de 2c
00 00 ff 15 10 27 00 00  48 89 44 24 70 4c 8d 8c
24 80 00 00 00 45 33 c0  ba 1d 00 00 00 48 8d 0d
bc 2c 00 00 ff 15 ee 26  00 00 48 89 44 24 78 eb
0f 48 8b 74 24 50 48 8b  5c 24 58 48 8b 7c 24 60
48 85 f6 74 09 48 8b ce  ff 15 6a 27 00 00 48 85
db 74 09 48 8b cb ff 15  5c 27 00 00 48 85 ff 74
09 48 8b cf ff 15 4e 27  00 00 48 83 bc 24 80 00
00 00 00 74 1d 4c 8d 8c  24 80 00 00 00 45 33 c0
ba 1d 00 00 00 48 8d 0d  54 2c 00 00 ff 15 86 26
00 00 33 c0 48 8b 8c 24  a0 00 00 00 48 33 cc e8
5c 06 00 00 4c 8d 9c 24  b0 00 00 00 49 8b 5b 28
49 8b 73 30 49 8b e3 41  5f 41 5e 5f c3 cc cc cc
48 89 7c 24 20 55 48 8d  ac 24 40 fb ff ff 48 81
ec c0 05 00 00 48 8b 05  a4 64 00 00 48 33 c4 48
89 85 b0 04 00 00 0f 57  c9 48 89 b4 24 e0 05 00
00 33 c0 48 c7 44 24 78  ff ff ff ff 33 ff 48 89
45 90 0f 57 c0 48 89 7c  24 70 8b f7 48 89 45 00
0f 11 45 80 48 c7 44 24  68 ff ff ff ff 0f 11 4d
a0 0f 11 4d b0 0f 11 4d  c0 0f 11 4d d0 0f 11 4d
e0 0f 11 4d f0 ff 15 7d  24 00 00 85 c0 75 19 ff
15 23 25 00 00 8b d0 48  8d 0d 42 46 00 00 e8 3d
f4 ff ff e9 09 04 00 00  ff 15 fa 24 00 00 4c 8d
4c 24 78 45 33 c0 48 8b  c8 ba ff 01 0f 00 ff 15
74 24 00 00 85 c0 75 19  ff 15 ea 24 00 00 8b d0
48 8d 0d 61 46 00 00 e8  04 f4 ff ff e9 d0 03 00
00 48 8b 4c 24 78 48 8d  44 24 68 48 89 44 24 28
41 b9 02 00 00 00 45 33  c0 c7 44 24 20 01 00 00
00 ba ff 01 0f 00 ff 15  24 24 00 00 85 c0 75 19
ff 15 a2 24 00 00 8b d0  48 8d 0d 61 46 00 00 e8
bc f3 ff ff e9 88 03 00  00 39 35 15 6a 00 00 74
3a 48 8b 4c 24 68 4c 8d  05 07 6a 00 00 41 b9 04
00 00 00 ba 0c 00 00 00  ff 15 a2 23 00 00 85 c0
75 19 ff 15 60 24 00 00  8b d0 48 8d 0d 6f 46 00
00 e8 7a f3 ff ff e9 46  03 00 00 39 35 cf 69 00
00 b8 00 04 00 00 48 89  9c 24 d8 05 00 00 b9 08
02 00 00 bb 10 04 00 00  0f 45 d8 ff 15 6f 25 00
00 48 8b f0 48 85 c0 0f  84 0c 03 00 00 ba 04 01
00 00 48 8b c8 ff 15 2d  24 00 00 85 c0 75 19 ff
15 03 24 00 00 8b d0 48  8d 0d 72 46 00 00 e8 1d
f3 ff ff e9 e1 02 00 00  48 8b 54 24 68 48 8d 4c
24 70 45 33 c0 ff 15 cd  24 00 00 85 c0 75 19 ff
15 d3 23 00 00 8b d0 48  8d 0d 92 46 00 00 e8 ed
f2 ff ff e9 b1 02 00 00  4c 8b 05 49 69 00 00 48
8d 05 d2 46 00 00 48 8b  4c 24 68 45 33 c9 48 89
45 b0 33 d2 48 8d 45 80  c7 45 a0 68 00 00 00 48
89 44 24 50 48 8d 45 a0  48 89 44 24 48 48 8b 44
24 70 48 89 74 24 40 48  89 44 24 38 8b 05 fe 68
00 00 89 5c 24 30 89 44  24 28 48 89 7c 24 20 ff
15 cb 22 00 00 85 c0 0f  85 94 00 00 00 ff 15 55
23 00 00 3d 22 05 00 00  75 5d 48 8d 0d 8f 46 00
00 e8 6a f2 ff ff ff 15  64 22 00 00 39 3d be 68
00 00 75 5c 4c 8b 0d bd  68 00 00 48 8d 45 80 48
8b 4c 24 68 45 33 c0 48  89 44 24 40 ba 01 00 00
00 48 8d 45 a0 48 89 44  24 38 48 8b 44 24 70 48
89 74 24 30 48 89 44 24  28 89 5c 24 20 ff 15 35
22 00 00 85 c0 75 2a ff  15 eb 22 00 00 8b d0 48
8d 0d ba 46 00 00 e8 05  f2 ff ff e9 c9 01 00 00
48 8d 0d 29 47 00 00 e8  f4 f1 ff ff e9 b8 01 00
00 48 8d 0d e0 46 00 00  e8 e3 f1 ff ff 0f 57 c0
48 8d 4d 60 0f 11 45 60  0f 11 45 70 0f 11 85 80
00 00 00 ff 15 7f 22 00  00 0f 57 c0 c7 45 20 40
00 00 00 33 c0 48 8d 4d  20 0f 11 45 24 48 89 45
54 0f 11 45 34 89 45 5c  0f 11 45 44 ff 15 26 22
00 00 ff 15 30 22 00 00  89 45 10 ff 15 0f 22 00
00 8b d8 ff 15 8f 22 00  00 33 5d 10 48 8d 95 90
00 00 00 b9 04 01 00 00  8d 04 c3 89 44 24 60 8b
44 24 60 0d b4 7a 03 00  c1 e8 02 89 44 24 60 ff
15 73 22 00 00 48 8d 4d  10 ff 15 79 22 00 00 b9
01 00 00 00 ff 15 26 22  00 00 48 8d 0d df 46 00
00 ff 15 09 22 00 00 48  8d 0d 0a 47 00 00 ff 15
dc 21 00 00 48 8d 0d 1d  47 00 00 ff 15 cf 21 00
00 8b 44 24 60 ba 05 00  00 00 0f b6 c8 83 c1 64
ff 15 7a 21 00 00 48 8d  45 98 41 b9 19 00 02 00
45 33 c0 48 89 44 24 20  48 8d 15 01 47 00 00 48
c7 c1 01 00 00 80 ff 15  1c 21 00 00 48 8b 4d 98
48 85 c9 74 06 ff 15 dd  20 00 00 48 8d 55 14 c7
45 14 04 01 00 00 48 8d  8d a0 02 00 00 ff 15 35
21 00 00 8b 4d 24 b8 ab  aa aa aa f7 e1 d1 ea 8d
04 52 2b c8 83 f9 01 75  33 8b 44 24 60 3d 78 56
34 12 74 28 ff 15 96 21  00 00 c7 44 24 30 02 00
00 00 45 33 c9 4c 8b c0  89 7c 24 28 48 8b d0 89
7c 24 20 48 8b c8 ff 15  64 21 00 00 48 8d 0d ad
46 00 00 ff 15 37 21 00  00 39 3d c1 66 00 00 74
23 b9 01 00 00 00 ff 15  64 23 00 00 48 8b c8 ff
15 6b 23 00 00 48 8b 4d  80 ba ff ff ff ff ff 15
4c 21 00 00 bf 01 00 00  00 48 8b 9c 24 d8 05 00
00 48 8b 4c 24 78 48 85  c9 74 06 ff 15 df 20 00
00 48 8b 4c 24 68 48 85  c9 74 06 ff 15 cf 20 00
00 48 85 f6 74 09 48 8b  ce ff 15 29 22 00 00 48
8b 4c 24 70 48 8b b4 24  e0 05 00 00 48 85 c9 74
06 ff 15 b9 21 00 00 48  8b 4d 80 48 85 c9 74 06
ff 15 9a 20 00 00 48 8b  4d 88 48 85 c9 74 06 ff
15 8b 20 00 00 8b c7 48  8b 8d b0 04 00 00 48 33
cc e8 2a 01 00 00 48 8b  bc 24 e8 05 00 00 48 81
c4 c0 05 00 00 5d c3 cc  cc cc cc cc cc cc cc cc
48 83 ec 58 48 8b 05 85  5f 00 00 48 33 c4 48 89
44 24 40 48 8d 44 24 30  4c 8b c1 48 89 44 24 28
4c 8d 0d 01 46 00 00 48  8d 15 1a 46 00 00 48 c7
44 24 20 00 00 00 00 48  8d 0d 22 46 00 00 ff 15
fc 20 00 00 85 c0 75 42  48 8b 4c 24 30 48 8d 54
24 38 48 89 5c 24 50 ff  15 db 20 00 00 48 8d 4c
24 30 8b d8 ff 15 de 20  00 00 85 db 48 8b 5c 24
50 75 17 48 8b 44 24 38  48 8b 4c 24 40 48 33 cc
e8 8b 00 00 00 48 83 c4  58 c3 33 c0 48 8b 4c 24
40 48 33 cc e8 77 00 00  00 48 83 c4 58 c3 cc cc
48 83 ec 38 48 8b 05 e5  5e 00 00 48 33 c4 48 89
44 24 28 48 8d 4c 24 20  48 89 54 24 20 ff 15 8d
20 00 00 48 8b 4c 24 28  48 33 cc e8 40 00 00 00
48 83 c4 38 c3 cc cc cc  cc cc cc cc cc cc cc cc
48 ff 25 d9 20 00 00 cc  cc cc cc cc cc cc cc cc
48 ff 25 d1 20 00 00 cc  cc cc cc cc cc cc cc cc
cc cc cc cc cc cc 66 66  0f 1f 84 00 00 00 00 00
48 3b 0d 79 5e 00 00 75  10 48 c1 c1 10 66 f7 c1
ff ff 75 01 c3 48 c1 c9  10 e9 aa 02 00 00 cc cc
40 53 48 83 ec 20 b9 01  00 00 00 e8 be 0c 00 00
e8 d3 06 00 00 8b c8 e8  e8 0c 00 00 e8 bb 06 00
00 8b d8 e8 0c 0d 00 00  b9 01 00 00 00 89 18 e8
34 04 00 00 84 c0 74 73  e8 23 09 00 00 48 8d 0d
58 09 00 00 e8 cf 05 00  00 e8 92 06 00 00 8b c8
e8 85 0c 00 00 85 c0 75  52 e8 92 06 00 00 e8 c9
06 00 00 85 c0 74 0c 48  8d 0d 6e 06 00 00 e8 61
0c 00 00 e8 8c 06 00 00  e8 87 06 00 00 e8 5a 06
00 00 8b c8 e8 9f 0c 00  00 e8 72 06 00 00 84 c0
74 05 e8 49 0c 00 00 e8  40 06 00 00 e8 f7 07 00
00 85 c0 75 06 48 83 c4  20 5b c3 b9 07 00 00 00
e8 9b 06 00 00 cc cc cc  48 83 ec 28 e8 4f 06 00
00 33 c0 48 83 c4 28 c3  48 83 ec 28 e8 23 08 00
00 e8 06 06 00 00 8b c8  48 83 c4 28 e9 4d 0c 00
00 cc cc cc 48 89 5c 24  08 48 89 74 24 10 57 48
83 ec 30 b9 01 00 00 00  e8 2f 03 00 00 84 c0 0f
84 36 01 00 00 40 32 f6  40 88 74 24 20 e8 de 02
00 00 8a d8 8b 0d 36 63  00 00 83 f9 01 0f 84 23
01 00 00 85 c9 75 4a c7  05 1f 63 00 00 01 00 00
00 48 8d 15 e0 20 00 00  48 8d 0d c1 20 00 00 e8
ae 0b 00 00 85 c0 74 0a  b8 ff 00 00 00 e9 d9 00
00 00 48 8d 15 9f 20 00  00 48 8d 0d 88 20 00 00
e8 87 0b 00 00 c7 05 e1  62 00 00 02 00 00 00 eb
08 40 b6 01 40 88 74 24  20 8a cb e8 0c 04 00 00
e8 b3 05 00 00 48 8b d8  48 83 38 00 74 1e 48 8b
c8 e8 5e 03 00 00 84 c0  74 12 45 33 c0 41 8d 50
02 33 c9 48 8b 03 ff 15  14 20 00 00 e8 8f 05 00
00 48 8b d8 48 83 38 00  74 14 48 8b c8 e8 32 03
00 00 84 c0 74 08 48 8b  0b e8 54 0b 00 00 e8 13
0b 00 00 48 8b f8 e8 35  0b 00 00 48 8b 18 e8 27
0b 00 00 4c 8b c7 48 8b  d3 8b 08 e8 a0 ed ff ff
8b d8 e8 a9 06 00 00 84  c0 74 55 40 84 f6 75 05
e8 11 0b 00 00 33 d2 b1  01 e8 a2 03 00 00 8b c3
eb 19 8b d8 e8 87 06 00  00 84 c0 74 3b 80 7c 24
20 00 75 05 e8 f3 0a 00  00 8b c3 48 8b 5c 24 40
48 8b 74 24 48 48 83 c4  30 5f c3 b9 07 00 00 00
e8 0b 05 00 00 90 b9 07  00 00 00 e8 00 05 00 00
8b cb e8 a1 0a 00 00 90  8b cb e8 9f 0a 00 00 90
48 83 ec 28 e8 c7 03 00  00 48 83 c4 28 e9 72 fe
ff ff cc cc 40 53 48 83  ec 20 48 8b d9 33 c9 ff
15 2b 1d 00 00 48 8b cb  ff 15 1a 1d 00 00 ff 15
dc 1c 00 00 48 8b c8 ba  09 04 00 c0 48 83 c4 20
5b 48 ff 25 10 1d 00 00  48 89 4c 24 08 48 83 ec
38 b9 17 00 00 00 ff 15  04 1d 00 00 85 c0 74 07
b9 02 00 00 00 cd 29 48  8d 0d b2 5c 00 00 e8 a9
00 00 00 48 8b 44 24 38  48 89 05 99 5d 00 00 48
8d 44 24 38 48 83 c0 08  48 89 05 29 5d 00 00 48
8b 05 82 5d 00 00 48 89  05 f3 5b 00 00 48 8b 44
24 40 48 89 05 f7 5c 00  00 c7 05 cd 5b 00 00 09
04 00 c0 c7 05 c7 5b 00  00 01 00 00 00 c7 05 d1
5b 00 00 01 00 00 00 b8  08 00 00 00 48 6b c0 00
48 8d 0d c9 5b 00 00 48  c7 04 01 02 00 00 00 b8
08 00 00 00 48 6b c0 00  48 8b 0d 11 5b 00 00 48
89 4c 04 20 b8 08 00 00  00 48 6b c0 01 48 8b 0d
3c 5b 00 00 48 89 4c 04  20 48 8d 0d d0 1e 00 00
e8 ff fe ff ff 90 48 83  c4 38 c3 cc 40 53 56 57
48 83 ec 40 48 8b d9 ff  15 5b 1c 00 00 48 8b b3
f8 00 00 00 33 ff 45 33  c0 48 8d 54 24 60 48 8b
ce ff 15 71 1b 00 00 48  85 c0 74 39 48 83 64 24
38 00 48 8d 4c 24 68 48  8b 54 24 60 4c 8b c8 48
89 4c 24 30 4c 8b c6 48  8d 4c 24 70 48 89 4c 24
28 33 c9 48 89 5c 24 20  ff 15 c2 1b 00 00 ff c7
83 ff 02 7c b1 48 83 c4  40 5f 5e 5b c3 cc cc cc
48 83 ec 28 e8 ab 08 00  00 85 c0 74 21 65 48 8b
04 25 30 00 00 00 48 8b  48 08 eb 05 48 3b c8 74
14 33 c0 f0 48 0f b1 0d  3c 60 00 00 75 ee 32 c0
48 83 c4 28 c3 b0 01 eb  f7 cc cc cc 48 83 ec 28
85 c9 75 07 c6 05 25 60  00 00 01 e8 98 05 00 00
e8 bb 02 00 00 84 c0 75  04 32 c0 eb 14 e8 ae 02
00 00 84 c0 75 09 33 c9  e8 a3 02 00 00 eb ea b0
01 48 83 c4 28 c3 cc cc  40 53 48 83 ec 20 80 3d
ec 5f 00 00 00 8b d9 75  67 83 f9 01 77 6a e8 21
08 00 00 85 c0 74 28 85  db 75 24 48 8d 0d d6 5f
00 00 e8 a3 08 00 00 85  c0 75 10 48 8d 0d de 5f
00 00 e8 93 08 00 00 85  c0 74 2e 32 c0 eb 33 66
0f 6f 05 99 1d 00 00 48  83 c8 ff f3 0f 7f 05 a5
5f 00 00 48 89 05 ae 5f  00 00 f3 0f 7f 05 ae 5f
00 00 48 89 05 b7 5f 00  00 c6 05 81 5f 00 00 01
b0 01 48 83 c4 20 5b c3  b9 05 00 00 00 e8 5e 02
00 00 cc cc 48 83 ec 18  4c 8b c1 b8 4d 5a 00 00
66 39 05 59 d9 ff ff 75  78 48 63 0d 8c d9 ff ff
48 8d 15 49 d9 ff ff 48  03 ca 81 39 50 45 00 00
75 5f b8 0b 02 00 00 66  39 41 18 75 54 4c 2b c2
0f b7 51 14 48 83 c2 18  48 03 d1 0f b7 41 06 48
8d 0c 80 4c 8d 0c ca 48  89 14 24 49 3b d1 74 18
8b 4a 0c 4c 3b c1 72 0a  8b 42 08 03 c1 4c 3b c0
72 08 48 83 c2 28 eb df  33 d2 48 85 d2 75 04 32
c0 eb 14 83 7a 24 00 7d  04 32 c0 eb 0a b0 01 eb
06 32 c0 eb 02 32 c0 48  83 c4 18 c3 40 53 48 83
ec 20 8a d9 e8 0b 07 00  00 33 d2 85 c0 74 0b 84
db 75 07 48 87 15 ae 5e  00 00 48 83 c4 20 5b c3
40 53 48 83 ec 20 80 3d  a3 5e 00 00 00 8a d9 74
04 84 d2 75 0c e8 36 01  00 00 8a cb e8 2f 01 00
00 b0 01 48 83 c4 20 5b  c3 cc cc cc 40 53 48 83
ec 20 48 83 3d 7e 5e 00  00 ff 48 8b d9 75 07 e8
52 07 00 00 eb 0f 48 8b  d3 48 8d 0d 68 5e 00 00
e8 3b 07 00 00 33 d2 85  c0 48 0f 44 d3 48 8b c2
48 83 c4 20 5b c3 cc cc  48 83 ec 28 e8 bb ff ff
ff 48 f7 d8 1b c0 f7 d8  ff c8 48 83 c4 28 c3 cc
48 89 5c 24 18 55 48 8b  ec 48 83 ec 30 48 8b 05
1c 58 00 00 48 bb 32 a2  df 2d 99 2b 00 00 48 3b
c3 75 74 48 83 65 10 00  48 8d 4d 10 ff 15 36 19
00 00 48 8b 45 10 48 89  45 f0 ff 15 08 19 00 00
8b c0 48 31 45 f0 ff 15  74 18 00 00 8b c0 48 8d
4d 18 48 31 45 f0 ff 15  3c 19 00 00 8b 45 18 48
8d 4d f0 48 c1 e0 20 48  33 45 18 48 33 45 f0 48
33 c1 48 b9 ff ff ff ff  ff ff 00 00 48 23 c1 48
b9 33 a2 df 2d 99 2b 00  00 48 3b c3 48 0f 44 c1
48 89 05 99 57 00 00 48  8b 5c 24 50 48 f7 d0 48
89 05 ca 57 00 00 48 83  c4 30 5d c3 33 c0 c3 cc
b8 01 00 00 00 c3 cc cc  b8 00 40 00 00 c3 cc cc
48 8d 0d a9 5d 00 00 48  ff 25 d2 18 00 00 cc cc
b0 01 c3 cc c2 00 00 cc  48 8d 05 a1 5d 00 00 c3
48 83 ec 28 e8 47 e7 ff  ff 48 83 08 24 e8 e6 ff
ff ff 48 83 08 02 48 83  c4 28 c3 cc 33 c0 39 05
78 57 00 00 0f 94 c0 c3  48 8d 05 b1 5d 00 00 c3
48 8d 05 a1 5d 00 00 c3  83 25 69 5d 00 00 00 c3
48 89 5c 24 08 55 48 8d  ac 24 40 fb ff ff 48 81
ec c0 05 00 00 8b d9 b9  17 00 00 00 ff 15 4e 18
00 00 85 c0 74 04 8b cb  cd 29 b9 03 00 00 00 e8
c4 ff ff ff 33 d2 48 8d  4d f0 41 b8 d0 04 00 00
e8 2d 05 00 00 48 8d 4d  f0 ff 15 49 18 00 00 48
8b 9d e8 00 00 00 48 8d  95 d8 04 00 00 48 8b cb
45 33 c0 ff 15 5f 17 00  00 48 85 c0 74 3c 48 83
64 24 38 00 48 8d 8d e0  04 00 00 48 8b 95 d8 04
00 00 4c 8b c8 48 89 4c  24 30 4c 8b c3 48 8d 8d
e8 04 00 00 48 89 4c 24  28 48 8d 4d f0 48 89 4c
24 20 33 c9 ff 15 a6 17  00 00 48 8b 85 c8 04 00
00 48 8d 4c 24 50 48 89  85 e8 00 00 00 33 d2 48
8d 85 c8 04 00 00 41 b8  98 00 00 00 48 83 c0 08
48 89 85 88 00 00 00 e8  96 04 00 00 48 8b 85 c8
04 00 00 48 89 44 24 60  c7 44 24 50 15 00 00 40
c7 44 24 54 01 00 00 00  ff 15 8a 17 00 00 8b d8
33 c9 48 8d 44 24 50 48  89 44 24 40 48 8d 45 f0
48 89 44 24 48 ff 15 45  17 00 00 48 8d 4c 24 40
ff 15 32 17 00 00 85 c0  75 0d 83 fb 01 74 08 8d
48 03 e8 c1 fe ff ff 48  8b 9c 24 d0 05 00 00 48
81 c4 c0 05 00 00 5d c3  e9 3f fe ff ff cc cc cc
48 83 ec 28 33 c9 ff 15  34 17 00 00 48 85 c0 74
39 b9 4d 5a 00 00 66 39  08 75 2f 48 63 48 3c 48
03 c8 81 39 50 45 00 00  75 20 b8 0b 02 00 00 66
39 41 18 75 15 83 b9 84  00 00 00 0e 76 0c 83 b9
f8 00 00 00 00 0f 95 c0  eb 02 32 c0 48 83 c4 28
c3 cc cc cc 48 8d 0d 09  00 00 00 48 ff 25 ae 16
00 00 cc cc 48 89 5c 24  08 57 48 83 ec 20 48 8b
19 48 8b f9 81 3b 63 73  6d e0 75 1c 83 7b 18 04
75 16 8b 53 20 8d 82 e0  fa 6c e6 83 f8 02 76 15
81 fa 00 40 99 01 74 0d  48 8b 5c 24 30 33 c0 48
83 c4 20 5f c3 e8 6c 03  00 00 48 89 18 48 8b 5f
08 e8 66 03 00 00 48 89  18 e8 ee 03 00 00 cc cc
48 89 5c 24 08 57 48 83  ec 20 48 8d 1d df 40 00
00 48 8d 3d d8 40 00 00  eb 12 48 8b 03 48 85 c0
74 06 ff 15 38 18 00 00  48 83 c3 08 48 3b df 72
e9 48 8b 5c 24 30 48 83  c4 20 5f c3 48 89 5c 24
08 57 48 83 ec 20 48 8d  1d b3 40 00 00 48 8d 3d
ac 40 00 00 eb 12 48 8b  03 48 85 c0 74 06 ff 15
fc 17 00 00 48 83 c3 08  48 3b df 72 e9 48 8b 5c
24 30 48 83 c4 20 5f c3  48 89 5c 24 10 48 89 74
24 18 55 57 41 56 48 8b  ec 48 83 ec 10 33 c0 33
c9 0f a2 44 8b c1 44 8b  d2 41 81 f2 69 6e 65 49
41 81 f0 6e 74 65 6c 44  8b cb 44 8b f0 33 c9 b8
01 00 00 00 0f a2 45 0b  d0 89 45 f0 41 81 f1 47
65 6e 75 89 5d f4 45 0b  d1 89 4d f8 8b f9 89 55
fc 75 5b 48 83 0d 8d 54  00 00 ff 25 f0 3f ff 0f
48 c7 05 75 54 00 00 00  80 00 00 3d c0 06 01 00
74 28 3d 60 06 02 00 74  21 3d 70 06 02 00 74 1a
05 b0 f9 fc ff 83 f8 20  77 24 48 b9 01 00 01 00
01 00 00 00 48 0f a3 c1  73 14 44 8b 05 3f 5a 00
00 41 83 c8 01 44 89 05  34 5a 00 00 eb 07 44 8b
05 2b 5a 00 00 45 33 c9  41 8b f1 45 8b d1 45 8b
d9 41 83 fe 07 7c 65 41  8d 41 07 33 c9 0f a2 89
45 f0 8b f2 89 5d f4 44  8b cb 89 4d f8 89 55 fc
0f ba e3 09 73 0b 41 83  c8 02 44 89 05 ef 59 00
00 83 f8 01 7c 19 b8 07  00 00 00 8d 48 fa 0f a2
44 8b d2 89 45 f0 89 5d  f4 89 4d f8 89 55 fc b8
24 00 00 00 44 3b f0 7c  13 33 c9 0f a2 44 8b db
89 45 f0 89 5d f4 89 4d  f8 89 55 fc 48 8b 05 9d
53 00 00 bb 06 00 00 00  48 83 e0 fe c7 05 92 53
00 00 01 00 00 00 c7 05  8c 53 00 00 02 00 00 00
48 89 05 79 53 00 00 0f  ba e7 14 73 1b 48 83 e0
ef c7 05 6d 53 00 00 02  00 00 00 48 89 05 5e 53
00 00 89 1d 64 53 00 00  0f ba e7 1b 0f 83 2b 01
00 00 33 c9 0f 01 d0 48  c1 e2 20 48 0b d0 48 89
55 20 0f ba e7 1c 0f 83  f6 00 00 00 48 8b 45 20
22 c3 3a c3 0f 85 e8 00  00 00 8b 05 2c 53 00 00
b2 e0 83 c8 08 c7 05 19  53 00 00 03 00 00 00 89
05 17 53 00 00 41 f6 c1  20 74 5d 83 c8 20 c7 05
00 53 00 00 05 00 00 00  89 05 fe 52 00 00 b9 00
00 03 d0 48 8b 05 e6 52  00 00 44 23 c9 48 83 e0
fd 48 89 05 d8 52 00 00  44 3b c9 75 32 48 8b 45
20 22 c2 3a c2 75 21 48  8b 05 c2 52 00 00 83 0d
c7 52 00 00 40 48 83 e0  db 89 1d b9 52 00 00 48
89 05 aa 52 00 00 eb 07  48 8b 05 a1 52 00 00 0f
ba e6 17 73 0c 48 0f ba  f0 18 48 89 05 8f 52 00
00 41 0f ba e2 13 73 4a  48 8b 45 20 22 c2 3a c2
75 40 41 8b cb 41 8b c3  48 c1 e9 10 25 ff 00 04
00 83 e1 07 89 05 72 58  00 00 48 81 c9 28 00 00
01 48 f7 d1 48 23 0d 55  52 00 00 48 89 0d 4e 52
00 00 83 f8 01 76 0b 48  83 e1 bf 48 89 0d 3e 52
00 00 41 0f ba e2 15 73  14 48 8b 45 20 48 0f ba
e0 13 73 09 48 0f ba 35  23 52 00 00 07 48 8b 5c
24 38 33 c0 48 8b 74 24  40 48 83 c4 10 41 5e 5f
5d c3 cc cc 33 c0 39 05  24 52 00 00 0f 95 c0 c3
ff 25 aa 13 00 00 ff 25  9c 13 00 00 ff 25 a6 13
00 00 ff 25 a8 13 00 00  ff 25 52 14 00 00 ff 25
64 14 00 00 ff 25 e6 13  00 00 ff 25 70 14 00 00
ff 25 72 14 00 00 ff 25  5c 14 00 00 ff 25 3e 14
00 00 ff 25 30 14 00 00  ff 25 1a 14 00 00 ff 25
ec 13 00 00 ff 25 7e 14  00 00 ff 25 d8 13 00 00
ff 25 ca 13 00 00 ff 25  bc 13 00 00 ff 25 1e 14
00 00 ff 25 a8 13 00 00  ff 25 82 13 00 00 ff 25
6c 13 00 00 ff 25 36 14  00 00 ff 25 b8 13 00 00
ff 25 ba 13 00 00 ff 25  bc 13 00 00 ff 25 be 13
00 00 cc cc 48 83 ec 28  4d 8b 41 38 48 8b ca 49
8b d1 e8 0d 00 00 00 b8  01 00 00 00 48 83 c4 28
c3 cc cc cc 40 53 45 8b  18 48 8b da 41 83 e3 f8
4c 8b c9 41 f6 00 04 4c  8b d1 74 13 41 8b 40 08
4d 63 50 04 f7 d8 4c 03  d1 48 63 c8 4c 23 d1 49
63 c3 4a 8b 14 10 48 8b  43 10 8b 48 08 48 8b 43
08 f6 44 01 03 0f 74 0b  0f b6 44 01 03 83 e0 f0
4c 03 c8 4c 33 ca 49 8b  c9 5b e9 11 f2 ff ff cc
48 8b c4 48 89 58 08 48  89 68 10 48 89 70 18 48
89 78 20 41 56 48 83 ec  20 4d 8b 51 38 48 8b f2
4d 8b f0 48 8b e9 49 8b  d1 48 8b ce 49 8b f9 41
8b 1a 48 c1 e3 04 49 03  da 4c 8d 43 04 e8 62 ff
ff ff 8b 45 04 24 66 f6  d8 b8 01 00 00 00 1b d2
f7 da 03 d0 85 53 04 74  11 4c 8b cf 4d 8b c6 48
8b d6 48 8b cd e8 76 fe  ff ff 48 8b 5c 24 30 48
8b 6c 24 38 48 8b 74 24  40 48 8b 7c 24 48 48 83
c4 20 41 5e c3 ff 25 f5  11 00 00 cc cc cc cc cc
cc cc cc cc cc cc 66 66  0f 1f 84 00 00 00 00 00
ff e0 cc cc cc cc cc cc  cc cc cc cc cc cc cc cc
cc cc cc cc cc cc 66 66  0f 1f 84 00 00 00 00 00
ff 25 2a 13 00 00 40 55  48 83 ec 20 48 8b ea 48
8b 01 48 8b d1 8b 08 e8  1c fe ff ff 90 48 83 c4
20 5d c3 cc 40 55 48 8b  ea 48 8b 01 33 c9 81 38
05 00 00 c0 0f 94 c1 8b  c1 5d c3 cc 00 00 00 00
00 00 00 00 00 00 00 00  00 00 00 00 00 00 00 00
00 00 00 00 00 00 00 00  00 00 00 00 00 00 00 00
00 00 00 00 00 00 00 00  00 00 00 00 00 00 00 00
00 00 00 00 00 00 00 00  00 00 00 00 00 00 00 00
00 00 00 00 00 00 00 00  00 00 00 00 00 00 00 00
00 00 00 00 00 00 00 00  00 00 00 00 00 00 00 00
00 00 00 00 00 00 00 00  00 00 00 00 00 00 00 00
00 00 00 00 00 00 00 00  00 00 00 00 00 00 00 00
00 00 00 00 00 00 00 00  00 00 00 00 00 00 00 00
00 00 00 00 00 00 00 00  00 00 00 00 00 00 00 00
00 00 00 00 00 00 00 00  00 00 00 00 00 00 00 00
00 00 00 00 00 00 00 00  00 00 00 00 00 00 00 00
00 00 00 00 00 00 00 00  00 00 00 00 00 00 00 00
00 00 00 00 00 00 00 00  00 00 00 00 00 00 00 00
00 00 00 00 00 00 00 00  00 00 00 00 00 00 00 00
00 00 00 00 00 00 00 00  00 00 00 00 00 00 00 00
00 00 00 00 00 00 00 00  00 00 00 00 00 00 00 00
00 00 00 00 00 00 00 00  00 00 00 00 00 00 00 00
00 00 00 00 00 00 00 00  00 00 00 00 00 00 00 00
00 00 00 00 00 00 00 00  00 00 00 00 00 00 00 00
00 00 00 00 00 00 00 00  00 00 00 00 00 00 00 00
00 00 00 00 00 00 00 00  00 00 00 00 00 00 00 00
00 00 00 00 00 00 00 00  00 00 00 00 00 00 00 00
00 00 00 00 00 00 00 00  00 00 00 00 00 00 00 00
00 00 00 00 00 00 00 00  00 00 00 00 00 00 00 00
02 76 00 00 00 00 00 00  4e 76 00 00 00 00 00 00
3e 76 00 00 00 00 00 00  30 76 00 00 00 00 00 00
1a 76 00 00 00 00 00 00  e8 75 00 00 00 00 00 00
d4 75 00 00 00 00 00 00  b6 75 00 00 00 00 00 00
96 75 00 00 00 00 00 00  86 75 00 00 00 00 00 00
6e 75 00 00 00 00 00 00  36 75 00 00 00 00 00 00
22 75 00 00 00 00 00 00  10 75 00 00 00 00 00 00
fa 74 00 00 00 00 00 00  00 00 00 00 00 00 00 00
64 74 00 00 00 00 00 00  6c 74 00 00 00 00 00 00
80 74 00 00 00 00 00 00  96 74 00 00 00 00 00 00
54 74 00 00 00 00 00 00  c8 74 00 00 00 00 00 00
d8 74 00 00 00 00 00 00  dc 7a 00 00 00 00 00 00
44 74 00 00 00 00 00 00  34 74 00 00 00 00 00 00
26 74 00 00 00 00 00 00  12 74 00 00 00 00 00 00
fc 73 00 00 00 00 00 00  ec 73 00 00 00 00 00 00
e4 73 00 00 00 00 00 00  d4 73 00 00 00 00 00 00
c2 73 00 00 00 00 00 00  ac 73 00 00 00 00 00 00
48 73 00 00 00 00 00 00  96 73 00 00 00 00 00 00
80 73 00 00 00 00 00 00  70 73 00 00 00 00 00 00
5c 73 00 00 00 00 00 00  ae 74 00 00 00 00 00 00
f6 7a 00 00 00 00 00 00  0a 7b 00 00 00 00 00 00
26 7b 00 00 00 00 00 00  44 7b 00 00 00 00 00 00
58 7b 00 00 00 00 00 00  74 7b 00 00 00 00 00 00
8e 7b 00 00 00 00 00 00  a4 7b 00 00 00 00 00 00
b8 7b 00 00 00 00 00 00  c8 7a 00 00 00 00 00 00
00 00 00 00 00 00 00 00  74 76 00 00 00 00 00 00
86 76 00 00 00 00 00 00  96 76 00 00 00 00 00 00
b6 76 00 00 00 00 00 00  d2 76 00 00 00 00 00 00
e4 76 00 00 00 00 00 00  f6 76 00 00 00 00 00 00
00 00 00 00 00 00 00 00  2a 77 00 00 00 00 00 00
10 77 00 00 00 00 00 00  00 00 00 00 00 00 00 00
cc 7b 00 00 00 00 00 00  68 77 00 00 00 00 00 00
50 77 00 00 00 00 00 00  7e 77 00 00 00 00 00 00
9c 77 00 00 00 00 00 00  00 00 00 00 00 00 00 00
fc 77 00 00 00 00 00 00  00 00 00 00 00 00 00 00
2a 78 00 00 00 00 00 00  22 78 00 00 00 00 00 00
6e 79 00 00 00 00 00 00  00 00 00 00 00 00 00 00
58 79 00 00 00 00 00 00  00 00 00 00 00 00 00 00
56 78 00 00 00 00 00 00  00 00 00 00 00 00 00 00
2a 79 00 00 00 00 00 00  16 79 00 00 00 00 00 00
08 79 00 00 00 00 00 00  fa 78 00 00 00 00 00 00
e4 78 00 00 00 00 00 00  8e 79 00 00 00 00 00 00
aa 79 00 00 00 00 00 00  c6 79 00 00 00 00 00 00
d4 79 00 00 00 00 00 00  dc 78 00 00 00 00 00 00
34 78 00 00 00 00 00 00  ce 78 00 00 00 00 00 00
c2 78 00 00 00 00 00 00  46 78 00 00 00 00 00 00
20 79 00 00 00 00 00 00  a2 78 00 00 00 00 00 00
6a 78 00 00 00 00 00 00  82 78 00 00 00 00 00 00
00 00 00 00 00 00 00 00  e0 77 00 00 00 00 00 00
7e 79 00 00 00 00 00 00  06 78 00 00 00 00 00 00
b8 77 00 00 00 00 00 00  ec 78 00 00 00 00 00 00
d6 77 00 00 00 00 00 00  00 00 00 00 00 00 00 00
ca 77 00 00 00 00 00 00  00 00 00 00 00 00 00 00
a4 28 00 40 01 00 00 00  a4 28 00 40 01 00 00 00
10 30 00 40 01 00 00 00  30 30 00 40 01 00 00 00
30 30 00 40 01 00 00 00  00 00 00 00 00 00 00 00
f5 2f 00 40 01 00 00 00  00 00 00 00 00 00 00 00
68 22 00 40 01 00 00 00  00 00 00 00 00 00 00 00
00 00 00 00 00 00 00 00  a0 21 00 40 01 00 00 00
58 22 00 40 01 00 00 00  00 00 00 00 00 00 00 00
00 00 00 00 00 00 00 00  00 00 00 00 00 00 00 00
00 00 00 00 00 00 00 00  00 00 00 00 00 00 00 00
80 80 00 40 01 00 00 00  20 81 00 40 01 00 00 00
ff ff ff ff ff ff ff ff  ff ff ff ff ff ff ff ff
6e 63 61 63 6e 5f 6e 70  00 00 00 00 00 00 00 00
5c 70 69 70 65 5c 73 70  6f 6f 6c 73 73 00 00 00
40 00 08 01 10 00 00 00  00 00 00 00 08 00 00 00
00 00 00 00 01 00 08 00  72 00 00 00 00 00 00 00
69 44 00 40 01 00 00 00  f0 00 00 00 08 00 00 00
00 44 00 40 01 00 00 00  10 44 00 40 01 00 00 00
70 41 00 00 70 e1 00 00  02 05 04 00 64 00 02 00
40 00 2c 01 30 00 00 00  08 00 00 00 44 00 00 00
00 00 00 00 06 00 08 00  71 00 00 00 00 08 00 00
a0 4a 00 40 01 00 00 00  0b 00 00 00 00 00 00 00
fc 44 00 40 01 00 00 00  10 01 00 00 08 00 00 00
a0 4a 00 40 01 00 00 00  0b 00 00 00 10 00 00 00
00 45 00 40 01 00 00 00  0b 01 00 00 18 00 00 00
69 44 00 40 01 00 00 00  c8 00 00 00 20 00 00 00
69 44 00 40 01 00 00 00  f0 00 00 00 28 00 00 00
01 00 00 00 03 06 00 00  00 00 00 00 70 a0 00 00
35 07 03 00 10 00 00 00  00 00 00 00 00 00 00 00
00 00 00 00 00 00 00 00  28 48 00 40 01 00 00 00
05 00 00 00 00 00 00 00  90 00 04 00 00 00 00 00
14 00 00 00 00 00 00 00  93 00 00 00 00 00 00 00
70 4b 00 40 01 00 00 00  70 44 00 40 01 00 00 00
20 44 00 40 01 00 00 00  20 44 00 40 01 00 00 00
20 44 00 40 01 00 00 00  20 44 00 40 01 00 00 00
20 44 00 40 01 00 00 00  20 44 00 40 01 00 00 00
20 44 00 40 01 00 00 00  20 44 00 40 01 00 00 00
20 44 00 40 01 00 00 00  20 44 00 40 01 00 00 00
20 44 00 40 01 00 00 00  20 44 00 40 01 00 00 00
20 44 00 40 01 00 00 00  20 44 00 40 01 00 00 00
20 44 00 40 01 00 00 00  20 44 00 40 01 00 00 00
20 44 00 40 01 00 00 00  20 44 00 40 01 00 00 00
20 44 00 40 01 00 00 00  20 44 00 40 01 00 00 00
20 44 00 40 01 00 00 00  20 44 00 40 01 00 00 00
20 44 00 40 01 00 00 00  20 44 00 40 01 00 00 00
20 44 00 40 01 00 00 00  20 44 00 40 01 00 00 00
20 44 00 40 01 00 00 00  10 56 00 40 01 00 00 00
20 44 00 40 01 00 00 00  20 44 00 40 01 00 00 00
20 44 00 40 01 00 00 00  20 44 00 40 01 00 00 00
20 44 00 40 01 00 00 00  20 44 00 40 01 00 00 00
20 44 00 40 01 00 00 00  60 48 00 40 01 00 00 00
60 48 00 40 01 00 00 00  20 44 00 40 01 00 00 00
20 44 00 40 01 00 00 00  20 44 00 40 01 00 00 00
20 44 00 40 01 00 00 00  60 48 00 40 01 00 00 00
60 48 00 40 01 00 00 00  60 48 00 40 01 00 00 00
20 44 00 40 01 00 00 00  20 44 00 40 01 00 00 00
20 44 00 40 01 00 00 00  60 48 00 40 01 00 00 00
60 48 00 40 01 00 00 00  20 44 00 40 01 00 00 00
20 44 00 40 01 00 00 00  20 44 00 40 01 00 00 00
60 48 00 40 01 00 00 00  60 48 00 40 01 00 00 00
20 44 00 40 01 00 00 00  60 48 00 40 01 00 00 00
20 44 00 40 01 00 00 00  20 44 00 40 01 00 00 00
20 44 00 40 01 00 00 00  20 44 00 40 01 00 00 00
20 44 00 40 01 00 00 00  60 48 00 40 01 00 00 00
60 48 00 40 01 00 00 00  e0 4a 00 40 01 00 00 00
21 20 00 00 00 00 00 00  10 55 00 40 01 00 00 00
f0 48 00 40 01 00 00 00  a2 4b 00 40 01 00 00 00
90 47 00 40 01 00 00 00  38 48 00 40 01 00 00 00
02 00 00 00 00 00 00 00  00 4a 00 40 01 00 00 00
00 00 24 00 68 00 8c 00  b0 00 d4 00 f8 00 1c 01
40 01 64 01 88 01 ac 01  d0 01 f4 01 18 02 3c 02
60 02 84 02 a8 02 cc 02  f0 02 14 03 38 03 5c 03
80 03 a4 03 c8 03 ec 03  10 04 34 04 60 04 84 04
a8 04 cc 04 f0 04 14 05  38 05 5c 05 7a 05 98 05
bc 05 e0 05 04 06 28 06  46 06 64 06 82 06 a6 06
ca 06 ee 06 0c 07 2a 07  4e 07 72 07 96 07 b4 07
d2 07 f6 07 14 08 38 08  5c 08 80 08 a4 08 c8 08
e6 08 04 09 00 00 00 00  01 00 00 00 03 06 00 00
08 00 00 00 00 00 00 00  21 20 00 00 00 00 00 00
f0 55 00 40 01 00 00 00  04 5d 88 8a eb 1c c9 11
9f e8 08 00 2b 10 48 60  02 00 00 00 00 00 00 00
01 00 00 00 03 06 00 00  0c 00 00 00 00 00 00 00
40 00 00 01 08 00 00 00  00 00 00 00 00 00 00 00
00 00 00 00 00 00 08 00  72 00 00 00 00 00 00 00
21 00 00 00 00 00 00 00  b0 49 00 40 01 00 00 00
60 00 00 00 78 56 34 12  34 12 cd ab ef 00 01 23
45 67 89 ab 01 00 00 00  04 5d 88 8a eb 1c c9 11
9f e8 08 00 2b 10 48 60  02 00 00 00 00 00 00 00
00 00 00 00 00 00 00 00  01 00 00 00 00 00 00 00
50 44 00 40 01 00 00 00  00 00 00 00 00 00 00 00
60 47 00 40 01 00 00 00  00 00 00 02 00 00 00 00
90 48 00 40 01 00 00 00  50 21 00 40 01 00 00 00
60 21 00 40 01 00 00 00  68 86 00 40 01 00 00 00
00 00 00 00 00 00 00 00  f8 54 00 40 01 00 00 00
00 00 00 00 00 00 00 00  00 00 00 00 00 00 00 00
62 55 00 40 01 00 00 00  01 00 00 00 01 00 06 00
00 00 00 00 00 00 00 00  74 02 01 08 00 00 00 00
00 00 00 00 00 00 00 00  00 00 00 00 00 00 00 00
00 00 00 00 00 00 00 00  01 00 00 02 00 00 00 00
00 00 00 00 00 00 00 00  60 47 00 40 01 00 00 00
00 00 00 00 00 00 00 00  41 01 00 00 02 00 00 00
50 48 00 40 01 00 00 00  02 00 00 00 00 00 00 00
6a 44 00 40 01 00 00 00  00 00 00 00 00 00 00 00
35 07 03 00 18 00 00 00  00 00 00 00 00 00 00 00
00 00 00 00 00 00 00 00  50 47 00 40 01 00 00 00
05 00 00 00 00 00 00 00  05 00 00 00 00 00 00 00
05 00 00 00 00 00 00 00  90 00 04 00 00 00 00 00
14 00 00 00 00 00 00 00  93 00 00 00 00 00 00 00
04 5d 88 8a eb 1c c9 11  9f e8 08 00 2b 10 48 60
02 00 00 00 00 00 00 00  00 00 00 00 00 00 00 00
a2 4b 00 40 01 00 00 00  90 47 00 40 01 00 00 00
62 55 00 40 01 00 00 00  00 00 00 00 00 00 00 00
00 00 00 00 00 00 00 00  00 00 00 00 00 00 00 00
33 05 71 71 ba be 37 49  83 19 b5 db ef 9c cc 36
01 00 00 00 00 00 00 00  00 00 00 00 00 00 00 00
00 00 00 00 00 00 00 00  40 45 00 40 01 00 00 00
00 00 00 00 00 00 00 00  00 00 00 00 00 00 00 00
00 00 00 00 00 00 00 00  00 00 00 00 00 00 00 00
21 00 00 00 00 00 00 00  6c 44 00 40 01 00 00 00
31 07 01 00 18 00 00 00  80 00 00 00 00 00 00 00
10 00 00 00 00 00 00 00  21 20 00 00 00 00 00 00
88 49 00 40 01 00 00 00  93 00 00 00 00 00 00 00
40 00 2c 01 38 00 00 00  3c 00 00 00 08 00 00 00
00 00 00 00 07 00 08 00  70 40 00 00 00 00 00 00
60 44 00 40 01 00 00 00  08 00 00 00 00 00 00 00
69 44 00 40 01 00 00 00  c8 00 00 00 08 00 00 00
69 44 00 40 01 00 00 00  c8 00 00 00 10 00 00 00
a0 4a 00 40 01 00 00 00  0b 00 00 00 18 00 00 00
69 44 00 40 01 00 00 00  c8 00 00 00 20 00 00 00
80 48 00 40 01 00 00 00  0b 00 00 00 28 00 00 00
69 44 00 40 01 00 00 00  f0 00 00 00 30 00 00 00
40 00 08 01 10 00 00 00  00 00 00 00 08 00 00 00
00 00 00 00 01 00 08 00  72 00 00 00 00 00 00 00
69 44 00 40 01 00 00 00  f0 00 00 00 08 00 00 00
00 00 00 48 00 00 00 00  00 00 10 00 32 00 00 00
00 00 08 00 44 01 0a 01  00 00 00 00 00 00 00 00
70 00 08 00 08 00 00 48  00 00 00 00 01 00 30 00
31 08 00 00 00 5c 08 00  40 00 46 06 0a 05 00 00
01 00 00 00 00 00 0b 00  00 00 02 00 10 01 08 00
0a 00 0b 00 10 00 02 00  0b 01 18 00 1e 00 48 00
20 00 08 00 70 00 28 00  08 00 00 48 00 00 00 00
02 00 10 00 32 00 00 00  00 00 08 00 44 01 0a 01
00 00 00 00 00 00 00 00  70 00 08 00 08 00 00 48
00 00 00 00 03 00 10 00  32 00 00 00 00 00 08 00
44 01 0a 01 00 00 00 00  00 00 00 00 70 00 08 00
08 00 00 48 00 00 00 00  04 00 10 00 32 00 00 00
00 00 08 00 44 01 0a 01  00 00 00 00 00 00 00 00
70 00 08 00 08 00 00 48  00 00 00 00 05 00 10 00
32 00 00 00 00 00 08 00  44 01 0a 01 00 00 00 00
00 00 00 00 70 00 08 00  08 00 00 48 00 00 00 00
06 00 10 00 32 00 00 00  00 00 08 00 44 01 0a 01
00 00 00 00 00 00 00 00  70 00 08 00 08 00 00 48
00 00 00 00 07 00 10 00  32 00 00 00 00 00 08 00
44 01 0a 01 00 00 00 00  00 00 00 00 70 00 08 00
08 00 00 48 00 00 00 00  08 00 10 00 32 00 00 00
00 00 08 00 44 01 0a 01  00 00 00 00 00 00 00 00
70 00 08 00 08 00 00 48  00 00 00 00 09 00 10 00
32 00 00 00 00 00 08 00  44 01 0a 01 00 00 00 00
00 00 00 00 70 00 08 00  08 00 00 48 00 00 00 00
0a 00 10 00 32 00 00 00  00 00 08 00 44 01 0a 01
00 00 00 00 00 00 00 00  70 00 08 00 08 00 00 48
00 00 00 00 0b 00 10 00  32 00 00 00 00 00 08 00
44 01 0a 01 00 00 00 00  00 00 00 00 70 00 08 00
08 00 00 48 00 00 00 00  0c 00 10 00 32 00 00 00
00 00 08 00 44 01 0a 01  00 00 00 00 00 00 00 00
70 00 08 00 08 00 00 48  00 00 00 00 0d 00 10 00
32 00 00 00 00 00 08 00  44 01 0a 01 00 00 00 00
00 00 00 00 70 00 08 00  08 00 00 48 00 00 00 00
0e 00 10 00 32 00 00 00  00 00 08 00 44 01 0a 01
00 00 00 00 00 00 00 00  70 00 08 00 08 00 00 48
00 00 00 00 0f 00 10 00  32 00 00 00 00 00 08 00
44 01 0a 01 00 00 00 00  00 00 00 00 70 00 08 00
08 00 00 48 00 00 00 00  10 00 10 00 32 00 00 00
00 00 08 00 44 01 0a 01  00 00 00 00 00 00 00 00
70 00 08 00 08 00 00 48  00 00 00 00 11 00 10 00
32 00 00 00 00 00 08 00  44 01 0a 01 00 00 00 00
00 00 00 00 70 00 08 00  08 00 00 48 00 00 00 00
12 00 10 00 32 00 00 00  00 00 08 00 44 01 0a 01
00 00 00 00 00 00 00 00  70 00 08 00 08 00 00 48
00 00 00 00 13 00 10 00  32 00 00 00 00 00 08 00
44 01 0a 01 00 00 00 00  00 00 00 00 70 00 08 00
08 00 00 48 00 00 00 00  14 00 10 00 32 00 00 00
00 00 08 00 44 01 0a 01  00 00 00 00 00 00 00 00
70 00 08 00 08 00 00 48  00 00 00 00 15 00 10 00
32 00 00 00 00 00 08 00  44 01 0a 01 00 00 00 00
00 00 00 00 70 00 08 00  08 00 00 48 00 00 00 00
16 00 10 00 32 00 00 00  00 00 08 00 44 01 0a 01
00 00 00 00 00 00 00 00  70 00 08 00 08 00 00 48
00 00 00 00 17 00 10 00  32 00 00 00 00 00 08 00
44 01 0a 01 00 00 00 00  00 00 00 00 70 00 08 00
08 00 00 48 00 00 00 00  18 00 10 00 32 00 00 00
00 00 08 00 44 01 0a 01  00 00 00 00 00 00 00 00
70 00 08 00 08 00 00 48  00 00 00 00 19 00 10 00
32 00 00 00 00 00 08 00  44 01 0a 01 00 00 00 00
00 00 00 00 70 00 08 00  08 00 00 48 00 00 00 00
1a 00 10 00 32 00 00 00  00 00 08 00 44 01 0a 01
00 00 00 00 00 00 00 00  70 00 08 00 08 00 00 48
00 00 00 00 1b 00 10 00  32 00 00 00 00 00 08 00
44 01 0a 01 00 00 00 00  00 00 00 00 70 00 08 00
08 00 00 48 00 00 00 00  1c 00 10 00 32 00 00 00
00 00 08 00 44 01 0a 01  00 00 00 00 00 00 00 00
70 00 08 00 08 00 00 48  00 00 00 00 1d 00 10 00
30 e0 00 00 00 00 38 00  40 00 44 02 0a 01 00 00
00 00 00 00 00 00 18 01  00 00 32 00 70 00 08 00
08 00 00 48 00 00 00 00  1e 00 10 00 32 00 00 00
00 00 08 00 44 01 0a 01  00 00 00 00 00 00 00 00
70 00 08 00 08 00 00 48  00 00 00 00 1f 00 10 00
32 00 00 00 00 00 08 00  44 01 0a 01 00 00 00 00
00 00 00 00 70 00 08 00  08 00 00 48 00 00 00 00
20 00 10 00 32 00 00 00  00 00 08 00 44 01 0a 01
00 00 00 00 00 00 00 00  70 00 08 00 08 00 00 48
00 00 00 00 21 00 10 00  32 00 00 00 00 00 08 00
44 01 0a 01 00 00 00 00  00 00 00 00 70 00 08 00
08 00 00 48 00 00 00 00  22 00 10 00 32 00 00 00
00 00 08 00 44 01 0a 01  00 00 00 00 00 00 00 00
70 00 08 00 08 00 00 48  00 00 00 00 23 00 10 00
32 00 00 00 00 00 08 00  44 01 0a 01 00 00 00 00
00 00 00 00 70 00 08 00  08 00 00 48 00 00 00 00
24 00 10 00 32 00 00 00  00 00 08 00 44 01 0a 01
00 00 00 00 00 00 00 00  70 00 08 00 08 00 00 48
00 00 00 00 25 00 08 00  32 00 00 00 00 00 00 00
40 00 0a 01 00 00 00 00  00 00 00 00 00 48 00 00
00 00 26 00 08 00 32 00  00 00 00 00 00 00 40 00
0a 01 00 00 00 00 00 00  00 00 00 48 00 00 00 00
27 00 10 00 32 00 00 00  00 00 08 00 44 01 0a 01
00 00 00 00 00 00 00 00  70 00 08 00 08 00 00 48
00 00 00 00 28 00 10 00  32 00 00 00 00 00 08 00
44 01 0a 01 00 00 00 00  00 00 00 00 70 00 08 00
08 00 00 48 00 00 00 00  29 00 10 00 32 00 00 00
00 00 08 00 44 01 0a 01  00 00 00 00 00 00 00 00
70 00 08 00 08 00 00 48  00 00 00 00 2a 00 10 00
32 00 00 00 00 00 08 00  44 01 0a 01 00 00 00 00
00 00 00 00 70 00 08 00  08 00 00 48 00 00 00 00
2b 00 08 00 32 00 00 00  00 00 00 00 40 00 0a 01
00 00 00 00 00 00 00 00  00 48 00 00 00 00 2c 00
08 00 32 00 00 00 00 00  00 00 40 00 0a 01 00 00
00 00 00 00 00 00 00 48  00 00 00 00 2d 00 08 00
32 00 00 00 00 00 00 00  40 00 0a 01 00 00 00 00
00 00 00 00 00 48 00 00  00 00 2e 00 10 00 32 00
00 00 00 00 08 00 44 01  0a 01 00 00 00 00 00 00
00 00 70 00 08 00 08 00  00 48 00 00 00 00 2f 00
10 00 32 00 00 00 00 00  08 00 44 01 0a 01 00 00
00 00 00 00 00 00 70 00  08 00 08 00 00 48 00 00
00 00 30 00 10 00 32 00  00 00 00 00 08 00 44 01
0a 01 00 00 00 00 00 00  00 00 70 00 08 00 08 00
00 48 00 00 00 00 31 00  08 00 32 00 00 00 00 00
00 00 40 00 0a 01 00 00  00 00 00 00 00 00 00 48
00 00 00 00 32 00 08 00  32 00 00 00 00 00 00 00
40 00 0a 01 00 00 00 00  00 00 00 00 00 48 00 00
00 00 33 00 10 00 32 00  00 00 00 00 08 00 44 01
0a 01 00 00 00 00 00 00  00 00 70 00 08 00 08 00
00 48 00 00 00 00 34 00  10 00 32 00 00 00 00 00
08 00 44 01 0a 01 00 00  00 00 00 00 00 00 70 00
08 00 08 00 00 48 00 00  00 00 35 00 10 00 32 00
00 00 00 00 08 00 44 01  0a 01 00 00 00 00 00 00
00 00 70 00 08 00 08 00  00 48 00 00 00 00 36 00
08 00 32 00 00 00 00 00  00 00 40 00 0a 01 00 00
00 00 00 00 00 00 00 48  00 00 00 00 37 00 08 00
32 00 00 00 00 00 00 00  40 00 0a 01 00 00 00 00
00 00 00 00 00 48 00 00  00 00 38 00 10 00 32 00
00 00 00 00 08 00 44 01  0a 01 00 00 00 00 00 00
00 00 70 00 08 00 08 00  00 48 00 00 00 00 39 00
08 00 32 00 00 00 00 00  00 00 40 00 0a 01 00 00
00 00 00 00 00 00 00 48  00 00 00 00 3a 00 10 00
32 00 00 00 00 00 08 00  44 01 0a 01 00 00 00 00
00 00 00 00 70 00 08 00  08 00 00 48 00 00 00 00
3b 00 10 00 32 00 00 00  00 00 08 00 44 01 0a 01
00 00 00 00 00 00 00 00  70 00 08 00 08 00 00 48
00 00 00 00 3c 00 10 00  32 00 00 00 00 00 08 00
44 01 0a 01 00 00 00 00  00 00 00 00 70 00 08 00
08 00 00 48 00 00 00 00  3d 00 10 00 32 00 00 00
00 00 08 00 44 01 0a 01  00 00 00 00 00 00 00 00
70 00 08 00 08 00 00 48  00 00 00 00 3e 00 10 00
32 00 00 00 00 00 08 00  44 01 0a 01 00 00 00 00
00 00 00 00 70 00 08 00  08 00 00 48 00 00 00 00
3f 00 08 00 32 00 00 00  00 00 00 00 40 00 0a 01
00 00 00 00 00 00 00 00  00 48 00 00 00 00 40 00
08 00 32 00 00 00 00 00  00 00 40 00 0a 01 00 00
00 00 00 00 00 00 00 48  00 00 00 00 41 00 38 00
30 40 00 00 00 00 3c 00  08 00 46 07 0a 05 00 00
01 00 00 00 00 00 08 00  00 00 36 00 48 00 08 00
08 00 48 00 10 00 08 00  0b 00 18 00 02 00 48 00
20 00 08 00 0b 00 28 00  3a 00 70 00 30 00 08 00
00 00 00 00 00 00 00 00  70 20 00 40 01 00 00 00
10 21 00 40 01 00 00 00  00 00 00 00 00 00 00 00
41 07 01 00 18 00 00 00  18 48 00 40 01 00 00 00
82 01 00 00 18 00 00 00  00 00 00 00 01 00 00 00
10 00 00 00 00 00 00 00  21 20 00 00 00 00 00 00
88 49 00 40 01 00 00 00  93 00 00 00 00 00 00 00
18 00 00 00 00 00 00 00  b0 4a 00 40 01 00 00 00
00 00 00 00 12 08 25 5c  11 04 02 00 30 a0 00 00
11 00 0e 00 1b 00 01 00  19 00 00 00 01 00 01 5b
1a 03 10 00 00 00 06 00  08 40 36 5b 12 20 e6 ff
11 04 02 00 30 e1 00 00  30 41 00 00 12 00 38 00
1b 01 02 00 19 00 0c 00  01 00 06 5b 1a 03 18 00
00 00 0a 00 06 06 08 08  08 36 5c 5b 12 20 e2 ff
21 03 00 00 19 00 08 00  01 00 ff ff ff ff 00 00
4c 00 da ff 5c 5b 1a 03  18 00 00 00 08 00 08 08
08 40 36 5b 12 20 da ff  00 00 00 00 00 00 00 00
41 00 00 00 01 00 00 00  f0 44 00 40 01 00 00 00
01 00 00 00 00 00 00 00  68 44 00 40 01 00 00 00
40 00 08 01 10 00 00 00  3c 00 00 00 44 00 00 00
00 00 00 00 02 00 08 00  70 e0 00 00 00 00 00 00
64 44 00 40 01 00 00 00  18 01 00 00 00 00 00 00
69 44 00 40 01 00 00 00  f0 00 00 00 08 00 00 00
5b 00 2d 00 5d 00 20 00  49 00 6e 00 76 00 61 00
6c 00 69 00 64 00 20 00  73 00 65 00 73 00 73 00
69 00 6f 00 6e 00 20 00  69 00 64 00 3a 00 20 00
25 00 77 00 73 00 0a 00  00 00 00 00 00 00 00 00
5b 00 2d 00 5d 00 20 00  4d 00 69 00 73 00 73 00
69 00 6e 00 67 00 20 00  76 00 61 00 6c 00 75 00
65 00 20 00 66 00 6f 00  72 00 20 00 6f 00 70 00
74 00 69 00 6f 00 6e 00  3a 00 20 00 2d 00 64 00
0a 00 00 00 00 00 00 00  00 00 00 00 00 00 00 00
5b 00 2d 00 5d 00 20 00  4d 00 69 00 73 00 73 00
69 00 6e 00 67 00 20 00  76 00 61 00 6c 00 75 00
65 00 20 00 66 00 6f 00  72 00 20 00 6f 00 70 00
74 00 69 00 6f 00 6e 00  3a 00 20 00 2d 00 63 00
0a 00 00 00 00 00 00 00  5b 00 2d 00 5d 00 20 00
49 00 6e 00 76 00 61 00  6c 00 69 00 64 00 20 00
61 00 72 00 67 00 75 00  6d 00 65 00 6e 00 74 00
3a 00 20 00 25 00 6c 00  73 00 0a 00 00 00 00 00
5b 00 2d 00 5d 00 20 00  4d 00 6f 00 72 00 65 00
20 00 74 00 68 00 61 00  6e 00 20 00 6f 00 6e 00
65 00 20 00 69 00 6e 00  74 00 65 00 72 00 61 00
63 00 74 00 69 00 6f 00  6e 00 20 00 6d 00 6f 00
64 00 65 00 20 00 77 00  61 00 73 00 20 00 73 00
70 00 65 00 63 00 69 00  66 00 69 00 65 00 64 00
2e 00 0a 00 00 00 00 00  00 00 00 00 00 00 00 00
5b 00 2d 00 5d 00 20 00  50 00 6c 00 65 00 61 00
73 00 65 00 20 00 73 00  70 00 65 00 63 00 69 00
66 00 79 00 20 00 61 00  20 00 63 00 6f 00 6d 00
6d 00 61 00 6e 00 64 00  20 00 74 00 6f 00 20 00
65 00 78 00 65 00 63 00  75 00 74 00 65 00 0a 00
00 00 00 00 00 00 00 00  30 00 2e 00 31 00 00 00
0a 00 57 00 68 00 79 00  53 00 70 00 69 00 66 00
66 00 20 00 76 00 25 00  77 00 73 00 20 00 0a 00
0a 00 0a 00 00 00 00 00  00 00 00 00 00 00 00 00
41 00 72 00 67 00 75 00  6d 00 65 00 6e 00 74 00
73 00 3a 00 0a 00 20 00  20 00 2d 00 63 00 20 00
3c 00 43 00 4d 00 44 00  3e 00 20 00 20 00 20 00
20 00 45 00 78 00 65 00  63 00 75 00 74 00 65 00
20 00 74 00 68 00 65 00  20 00 63 00 6f 00 6d 00
6d 00 61 00 6e 00 64 00  20 00 2a 00 43 00 4d 00
44 00 2a 00 0a 00 20 00  20 00 2d 00 69 00 20 00
20 00 20 00 20 00 20 00  20 00 20 00 20 00 20 00
20 00 49 00 6e 00 74 00  65 00 72 00 61 00 63 00
74 00 20 00 77 00 69 00  74 00 68 00 20 00 74 00
68 00 65 00 20 00 6e 00  65 00 77 00 20 00 70 00
72 00 6f 00 63 00 65 00  73 00 73 00 20 00 69 00
6e 00 20 00 74 00 68 00  65 00 20 00 63 00 75 00
72 00 72 00 65 00 6e 00  74 00 20 00 63 00 6f 00
6d 00 6d 00 61 00 6e 00  64 00 20 00 70 00 72 00
6f 00 6d 00 70 00 74 00  20 00 28 00 64 00 65 00
66 00 61 00 75 00 6c 00  74 00 20 00 69 00 73 00
20 00 6e 00 6f 00 6e 00  2d 00 69 00 6e 00 74 00
65 00 72 00 61 00 63 00  74 00 69 00 76 00 65 00
29 00 0a 00 0a 00 00 00  00 00 00 00 00 00 00 00
45 00 78 00 61 00 6d 00  70 00 6c 00 65 00 73 00
3a 00 0a 00 20 00 20 00  2d 00 20 00 52 00 75 00
6e 00 20 00 50 00 6f 00  77 00 65 00 72 00 53 00
68 00 65 00 6c 00 6c 00  20 00 61 00 73 00 20 00
53 00 20 00 69 00 6e 00  20 00 74 00 68 00 65 00
20 00 63 00 75 00 72 00  72 00 65 00 6e 00 74 00
20 00 63 00 6f 00 6e 00  73 00 6f 00 6c 00 65 00
0a 00 20 00 20 00 20 00  20 00 20 00 20 00 57 00
68 00 79 00 53 00 70 00  69 00 66 00 66 00 2e 00
65 00 78 00 65 00 20 00  2d 00 69 00 20 00 2d 00
63 00 20 00 70 00 6f 00  77 00 65 00 72 00 73 00
68 00 65 00 6c 00 6c 00  2e 00 65 00 78 00 65 00
0a 00 20 00 20 00 2d 00  20 00 53 00 70 00 61 00
77 00 6e 00 20 00 61 00  20 00 53 00 20 00 63 00
6f 00 6d 00 6d 00 61 00  6e 00 64 00 20 00 70 00
72 00 6f 00 6d 00 70 00  74 00 20 00 6f 00 6e 00
20 00 74 00 68 00 65 00  20 00 64 00 65 00 73 00
6b 00 74 00 6f 00 70 00  20 00 6f 00 66 00 20 00
74 00 68 00 65 00 20 00  73 00 65 00 73 00 73 00
69 00 6f 00 6e 00 20 00  31 00 0a 00 20 00 20 00
20 00 20 00 20 00 20 00  57 00 68 00 79 00 53 00
70 00 69 00 66 00 66 00  2e 00 65 00 78 00 65 00
20 00 2d 00 64 00 20 00  31 00 20 00 2d 00 63 00
20 00 63 00 6d 00 64 00  2e 00 65 00 78 00 65 00
0a 00 20 00 20 00 2d 00  20 00 47 00 65 00 74 00
20 00 61 00 20 00 53 00  20 00 0a 00 20 00 20 00
20 00 20 00 20 00 20 00  57 00 68 00 79 00 53 00
70 00 69 00 66 00 66 00  2e 00 65 00 78 00 65 00
20 00 2d 00 63 00 20 00  22 00 63 00 6d 00 64 00
22 00 0a 00 0a 00 00 00  53 00 65 00 49 00 6d 00
70 00 65 00 72 00 73 00  6f 00 6e 00 61 00 74 00
65 00 50 00 72 00 69 00  76 00 69 00 6c 00 65 00
67 00 65 00 00 00 00 00  5b 00 2d 00 5d 00 20 00
41 00 20 00 70 00 20 00  69 00 73 00 20 00 6d 00
69 00 73 00 73 00 69 00  6e 00 67 00 3a 00 20 00
27 00 25 00 77 00 73 00  27 00 0a 00 00 00 00 00
5b 00 2b 00 5d 00 20 00  46 00 6f 00 75 00 6e 00
64 00 20 00 70 00 3a 00  20 00 25 00 77 00 73 00
0a 00 00 00 00 00 00 00  00 00 00 00 00 00 00 00
5b 00 2d 00 5d 00 20 00  46 00 61 00 69 00 6c 00
65 00 64 00 20 00 74 00  6f 00 20 00 67 00 65 00
6e 00 65 00 72 00 61 00  74 00 65 00 20 00 61 00
20 00 6e 00 61 00 6d 00  65 00 20 00 66 00 6f 00
72 00 20 00 74 00 68 00  65 00 20 00 70 00 2e 00
0a 00 00 00 00 00 00 00  00 00 00 00 00 00 00 00
5b 00 2d 00 5d 00 20 00  46 00 61 00 69 00 6c 00
65 00 64 00 20 00 74 00  6f 00 20 00 63 00 72 00
65 00 61 00 74 00 65 00  20 00 61 00 20 00 6e 00
61 00 6d 00 65 00 64 00  20 00 70 00 2e 00 0a 00
00 00 00 00 00 00 00 00  00 00 00 00 00 00 00 00
5b 00 2d 00 5d 00 20 00  46 00 61 00 69 00 6c 00
65 00 64 00 20 00 74 00  6f 00 20 00 63 00 6f 00
6e 00 6e 00 65 00 63 00  74 00 20 00 74 00 68 00
65 00 20 00 6e 00 61 00  6d 00 65 00 64 00 20 00
70 00 2e 00 0a 00 00 00  5b 00 2b 00 5d 00 20 00
4e 00 61 00 6d 00 65 00  64 00 20 00 70 00 20 00
6c 00 2e 00 2e 00 2e 00  0a 00 00 00 00 00 00 00
5b 00 2d 00 5d 00 20 00  46 00 61 00 69 00 6c 00
65 00 64 00 20 00 74 00  6f 00 20 00 74 00 72 00
69 00 67 00 67 00 65 00  72 00 20 00 74 00 68 00
65 00 20 00 78 00 20 00  73 00 65 00 72 00 76 00
69 00 63 00 65 00 2e 00  0a 00 00 00 00 00 00 00
5b 00 2d 00 5d 00 20 00  4f 00 70 00 65 00 72 00
61 00 74 00 69 00 6f 00  6e 00 20 00 66 00 61 00
69 00 6c 00 65 00 64 00  20 00 6f 00 72 00 20 00
74 00 69 00 6d 00 65 00  64 00 20 00 6f 00 75 00
74 00 2e 00 0a 00 00 00  00 00 00 00 00 00 00 00
4f 00 70 00 65 00 6e 00  50 00 72 00 6f 00 63 00
65 00 73 00 73 00 54 00  6f 00 6b 00 65 00 6e 00
28 00 29 00 20 00 66 00  61 00 69 00 6c 00 65 00
64 00 2e 00 20 00 45 00  72 00 72 00 6f 00 72 00
3a 00 20 00 25 00 64 00  0a 00 00 00 00 00 00 00
47 00 65 00 74 00 54 00  6f 00 6b 00 65 00 6e 00
49 00 6e 00 66 00 6f 00  72 00 6d 00 61 00 74 00
69 00 6f 00 6e 00 28 00  29 00 20 00 66 00 61 00
69 00 6c 00 65 00 64 00  2e 00 20 00 45 00 72 00
72 00 6f 00 72 00 3a 00  20 00 25 00 64 00 0a 00
00 00 00 00 00 00 00 00  00 00 00 00 00 00 00 00
4c 00 6f 00 6f 00 6b 00  75 00 70 00 50 00 72 00
69 00 76 00 69 00 6c 00  65 00 67 00 65 00 4e 00
61 00 6d 00 65 00 28 00  29 00 20 00 66 00 61 00
69 00 6c 00 65 00 64 00  2e 00 20 00 45 00 72 00
72 00 6f 00 72 00 3a 00  20 00 25 00 64 00 0a 00
00 00 00 00 00 00 00 00  00 00 00 00 00 00 00 00
41 00 64 00 6a 00 75 00  73 00 74 00 54 00 6f 00
6b 00 65 00 6e 00 50 00  72 00 69 00 76 00 69 00
6c 00 65 00 67 00 65 00  73 00 28 00 29 00 20 00
66 00 61 00 69 00 6c 00  65 00 64 00 2e 00 20 00
45 00 72 00 72 00 6f 00  72 00 3a 00 20 00 25 00
64 00 0a 00 00 00 00 00  5c 00 5c 00 2e 00 5c 00
70 00 69 00 70 00 65 00  5c 00 25 00 77 00 73 00
5c 00 70 00 69 00 70 00  65 00 5c 00 73 00 70 00
6f 00 6f 00 6c 00 73 00  73 00 00 00 00 00 00 00
49 00 6e 00 69 00 74 00  69 00 61 00 6c 00 69 00
7a 00 65 00 53 00 65 00  63 00 75 00 72 00 69 00
74 00 79 00 44 00 65 00  73 00 63 00 72 00 69 00
70 00 74 00 6f 00 72 00  28 00 29 00 20 00 66 00
61 00 69 00 6c 00 65 00  64 00 2e 00 20 00 45 00
72 00 72 00 6f 00 72 00  3a 00 20 00 25 00 64 00
0a 00 00 00 00 00 00 00  44 00 3a 00 28 00 41 00
3b 00 4f 00 49 00 43 00  49 00 3b 00 47 00 41 00
3b 00 3b 00 3b 00 57 00  44 00 29 00 00 00 00 00
43 00 6f 00 6e 00 76 00  65 00 72 00 74 00 53 00
74 00 72 00 69 00 6e 00  67 00 53 00 65 00 63 00
75 00 72 00 69 00 74 00  79 00 44 00 65 00 73 00
63 00 72 00 69 00 70 00  74 00 6f 00 72 00 54 00
6f 00 53 00 65 00 63 00  75 00 72 00 69 00 74 00
79 00 44 00 65 00 73 00  63 00 72 00 69 00 70 00
74 00 6f 00 72 00 28 00  29 00 20 00 66 00 61 00
69 00 6c 00 65 00 64 00  2e 00 20 00 45 00 72 00
72 00 6f 00 72 00 3a 00  20 00 25 00 64 00 0a 00
00 00 00 00 00 00 00 00  00 00 00 00 00 00 00 00
43 00 72 00 65 00 61 00  74 00 65 00 4e 00 61 00
6d 00 65 00 64 00 50 00  69 00 70 00 65 00 28 00
29 00 20 00 66 00 61 00  69 00 6c 00 65 00 64 00
2e 00 20 00 45 00 72 00  72 00 6f 00 72 00 3a 00
20 00 25 00 64 00 0a 00  00 00 00 00 00 00 00 00
43 00 72 00 65 00 61 00  74 00 65 00 45 00 76 00
65 00 6e 00 74 00 28 00  29 00 20 00 66 00 61 00
69 00 6c 00 65 00 64 00  2e 00 20 00 45 00 72 00
72 00 6f 00 72 00 3a 00  20 00 25 00 64 00 0a 00
00 00 00 00 00 00 00 00  00 00 00 00 00 00 00 00
43 00 6f 00 6e 00 6e 00  65 00 63 00 74 00 4e 00
61 00 6d 00 65 00 64 00  50 00 69 00 70 00 65 00
28 00 29 00 20 00 66 00  61 00 69 00 6c 00 65 00
64 00 2e 00 20 00 45 00  72 00 72 00 6f 00 72 00
3a 00 20 00 25 00 64 00  0a 00 00 00 00 00 00 00
43 00 72 00 65 00 61 00  74 00 65 00 54 00 68 00
72 00 65 00 61 00 64 00  28 00 29 00 20 00 66 00
61 00 69 00 6c 00 65 00  64 00 2e 00 20 00 45 00
72 00 72 00 6f 00 72 00  3a 00 20 00 25 00 64 00
0a 00 00 00 00 00 00 00  5c 00 5c 00 25 00 77 00
73 00 00 00 00 00 00 00  5c 00 5c 00 25 00 77 00
73 00 2f 00 70 00 69 00  70 00 65 00 2f 00 25 00
77 00 73 00 00 00 00 00  00 00 00 00 00 00 00 00
49 00 6d 00 70 00 65 00  72 00 73 00 6f 00 6e 00
61 00 74 00 65 00 4e 00  61 00 6d 00 65 00 64 00
50 00 69 00 70 00 65 00  43 00 6c 00 69 00 65 00
6e 00 74 00 28 00 29 00  2e 00 20 00 45 00 72 00
72 00 6f 00 72 00 3a 00  20 00 25 00 64 00 0a 00
00 00 00 00 00 00 00 00  4f 00 70 00 65 00 6e 00
54 00 68 00 72 00 65 00  61 00 64 00 54 00 6f 00
6b 00 65 00 6e 00 28 00  29 00 2e 00 20 00 45 00
72 00 72 00 6f 00 72 00  3a 00 20 00 25 00 64 00
0a 00 00 00 00 00 00 00  00 00 00 00 00 00 00 00
44 00 75 00 70 00 6c 00  69 00 63 00 61 00 74 00
65 00 54 00 6f 00 6b 00  65 00 6e 00 45 00 78 00
28 00 29 00 20 00 66 00  61 00 69 00 6c 00 65 00
64 00 2e 00 20 00 45 00  72 00 72 00 6f 00 72 00
3a 00 20 00 25 00 64 00  0a 00 00 00 00 00 00 00
53 00 65 00 74 00 54 00  6f 00 6b 00 65 00 6e 00
49 00 6e 00 66 00 6f 00  72 00 6d 00 61 00 74 00
69 00 6f 00 6e 00 28 00  29 00 20 00 66 00 61 00
69 00 6c 00 65 00 64 00  2e 00 20 00 45 00 72 00
72 00 6f 00 72 00 3a 00  20 00 25 00 64 00 0a 00
00 00 00 00 00 00 00 00  00 00 00 00 00 00 00 00
47 00 65 00 74 00 53 00  79 00 73 00 74 00 65 00
6d 00 44 00 69 00 72 00  65 00 63 00 74 00 6f 00
72 00 79 00 28 00 29 00  20 00 66 00 61 00 69 00
6c 00 65 00 64 00 2e 00  20 00 45 00 72 00 72 00
6f 00 72 00 3a 00 20 00  25 00 64 00 0a 00 00 00
43 00 72 00 65 00 61 00  74 00 65 00 45 00 6e 00
76 00 69 00 72 00 6f 00  6e 00 6d 00 65 00 6e 00
74 00 42 00 6c 00 6f 00  63 00 6b 00 28 00 29 00
20 00 66 00 61 00 69 00  6c 00 65 00 64 00 2e 00
20 00 45 00 72 00 72 00  6f 00 72 00 3a 00 20 00
25 00 64 00 0a 00 00 00  57 00 69 00 6e 00 53 00
74 00 61 00 30 00 5c 00  44 00 65 00 66 00 61 00
75 00 6c 00 74 00 00 00  00 00 00 00 00 00 00 00
5b 00 21 00 5d 00 20 00  43 00 72 00 65 00 61 00
74 00 65 00 50 00 72 00  6f 00 63 00 65 00 73 00
73 00 41 00 73 00 55 00  73 00 65 00 72 00 28 00
29 00 20 00 66 00 61 00  69 00 6c 00 65 00 64 00
20 00 62 00 65 00 63 00  61 00 75 00 73 00 65 00
20 00 6f 00 66 00 20 00  61 00 20 00 6d 00 69 00
73 00 73 00 69 00 6e 00  67 00 20 00 2c 00 20 00
72 00 65 00 74 00 72 00  79 00 69 00 6e 00 67 00
28 00 29 00 2e 00 0a 00  00 00 00 00 00 00 00 00
43 00 72 00 65 00 61 00  74 00 65 00 50 00 72 00
6f 00 63 00 65 00 73 00  73 00 28 00 29 00 20 00
66 00 61 00 69 00 6c 00  65 00 64 00 2e 00 20 00
45 00 72 00 72 00 6f 00  72 00 3a 00 20 00 25 00
64 00 0a 00 00 00 00 00  5b 00 2b 00 5d 00 20 00
43 00 72 00 65 00 61 00  74 00 65 00 50 00 72 00
6f 00 63 00 65 00 73 00  73 00 28 00 29 00 20 00
4f 00 4b 00 0a 00 00 00  00 00 00 00 00 00 00 00
5b 00 21 00 5d 00 20 00  43 00 72 00 65 00 61 00
74 00 65 00 50 00 72 00  6f 00 63 00 65 00 73 00
73 00 28 00 29 00 20 00  69 00 73 00 6e 00 27 00
74 00 20 00 63 00 6f 00  6d 00 70 00 61 00 74 00
69 00 62 00 6c 00 65 00  20 00 77 00 69 00 74 00
68 00 20 00 6f 00 70 00  74 00 69 00 6f 00 6e 00
20 00 2d 00 69 00 0a 00  00 00 00 00 00 00 00 00
52 00 75 00 6e 00 6e 00  69 00 6e 00 67 00 20 00
70 00 72 00 65 00 2d 00  63 00 6f 00 6e 00 73 00
6f 00 6c 00 65 00 20 00  6c 00 6f 00 67 00 69 00
63 00 00 00 00 00 00 00  61 00 64 00 76 00 61 00
70 00 69 00 33 00 32 00  2e 00 64 00 6c 00 6c 00
00 00 00 00 00 00 00 00  75 00 73 00 65 00 72 00
33 00 32 00 2e 00 64 00  6c 00 6c 00 00 00 00 00
53 00 6f 00 66 00 74 00  77 00 61 00 72 00 65 00
5c 00 4d 00 69 00 63 00  72 00 6f 00 73 00 6f 00
66 00 74 00 00 00 00 00  00 00 00 00 00 00 00 00
5b 00 2b 00 5d 00 20 00  50 00 72 00 65 00 2d 00
63 00 6f 00 6e 00 73 00  6f 00 6c 00 65 00 20 00
64 00 65 00 63 00 69 00  73 00 69 00 6f 00 6e 00
20 00 63 00 6f 00 6d 00  70 00 6c 00 65 00 74 00
65 00 00 00 00 00 00 00  5c 00 70 00 69 00 70 00
65 00 5c 00 73 00 70 00  6f 00 6f 00 6c 00 73 00
73 00 00 00 00 00 00 00  6e 00 63 00 61 00 63 00
6e 00 5f 00 6e 00 70 00  00 00 00 00 00 00 00 00
31 00 32 00 33 00 34 00  35 00 36 00 37 00 38 00
2d 00 31 00 32 00 33 00  34 00 2d 00 41 00 42 00
43 00 44 00 2d 00 45 00  46 00 30 00 30 00 2d 00
30 00 31 00 32 00 33 00  34 00 35 00 36 00 37 00
38 00 39 00 41 00 42 00  00 00 00 00 00 00 00 00
40 01 00 00 00 00 00 00  00 00 00 00 00 00 00 00
00 00 00 00 00 00 00 00  00 00 00 00 00 00 00 00
00 00 00 00 00 00 00 00  00 00 00 00 00 00 00 00
00 00 00 00 00 00 00 00  00 00 00 00 00 00 00 00
00 00 00 00 00 00 00 00  00 00 00 00 00 00 00 00
00 00 00 00 00 00 00 00  00 80 00 40 01 00 00 00
00 00 00 00 00 00 00 00  00 00 00 00 00 00 00 00
50 43 00 40 01 00 00 00  60 43 00 40 01 00 00 00
00 00 00 00 00 00 00 00  00 00 00 00 00 00 00 00
00 01 00 00 00 00 00 00  00 00 00 00 00 00 00 00
00 00 00 00 00 00 00 00  00 00 00 00 00 00 00 00
00 00 00 00 00 00 00 00  00 00 00 00 00 00 00 00
00 00 00 00 00 00 00 00  00 00 00 00 00 00 00 00
00 00 00 00 00 00 00 00  00 00 00 00 00 00 00 00
00 00 00 00 00 00 00 00  00 00 00 00 00 00 00 00
00 00 00 00 00 00 00 00  00 00 00 00 00 00 00 00
00 69 00 40 01 00 00 00  00 00 00 00 00 00 00 00
00 00 00 00 00 00 00 00  58 43 00 40 01 00 00 00
68 43 00 40 01 00 00 00  70 43 00 40 01 00 00 00
78 43 00 40 01 00 00 00  80 43 00 40 01 00 00 00
00 00 00 00 4b ee 73 68  00 00 00 00 0d 00 00 00
84 02 00 00 64 69 00 00  64 4f 00 00 00 00 00 00
4b ee 73 68 00 00 00 00  0e 00 00 00 00 00 00 00
00 00 00 00 00 00 00 00  00 00 00 00 00 00 00 00
00 00 00 00 00 00 00 00  00 00 00 00 00 00 00 00
00 00 00 00 00 00 00 00  00 00 00 00 00 00 00 00
00 00 00 00 00 00 00 00  00 00 00 00 00 00 00 00
00 00 00 00 00 00 00 00  00 00 00 00 00 00 00 00
00 00 00 00 00 00 00 00  00 00 00 00 00 00 00 00
00 00 00 00 00 00 00 00  00 00 00 00 00 00 00 00
18 00 00 00 03 80 03 80  18 69 00 00 34 00 00 00
4c 69 00 00 18 00 00 00  73 24 00 00 ef 24 00 00
04 25 00 00 9d 25 00 00  b3 25 00 00 43 27 00 00
9a 29 00 00 cc 29 00 00  0e 2d 00 00 1c 2d 00 00
7d 2d 00 00 c8 2d 00 00  19 2e 00 00 a0 21 00 00
b0 0c 00 00 f4 2e 00 00  01 01 00 00 36 30 00 00
36 00 00 00 47 43 54 4c  00 10 00 00 00 20 00 00
2e 74 65 78 74 24 6d 6e  00 00 00 00 00 30 00 00
36 00 00 00 2e 74 65 78  74 24 6d 6e 24 30 30 00
36 30 00 00 36 00 00 00  2e 74 65 78 74 24 78 00
00 40 00 00 50 03 00 00  2e 69 64 61 74 61 24 35
00 00 00 00 50 43 00 00  38 00 00 00 2e 30 30 63
66 67 00 00 88 43 00 00  08 00 00 00 2e 43 52 54
24 58 43 41 00 00 00 00  90 43 00 00 08 00 00 00
2e 43 52 54 24 58 43 41  41 00 00 00 98 43 00 00
08 00 00 00 2e 43 52 54  24 58 43 5a 00 00 00 00
a0 43 00 00 08 00 00 00  2e 43 52 54 24 58 49 41
00 00 00 00 a8 43 00 00  08 00 00 00 2e 43 52 54
24 58 49 41 41 00 00 00  b0 43 00 00 08 00 00 00
2e 43 52 54 24 58 49 41  43 00 00 00 b8 43 00 00
08 00 00 00 2e 43 52 54  24 58 49 5a 00 00 00 00
c0 43 00 00 08 00 00 00  2e 43 52 54 24 58 50 41
00 00 00 00 c8 43 00 00  08 00 00 00 2e 43 52 54
24 58 50 5a 00 00 00 00  d0 43 00 00 08 00 00 00
2e 43 52 54 24 58 54 41  00 00 00 00 d8 43 00 00
08 00 00 00 2e 43 52 54  24 58 54 5a 00 00 00 00
e0 43 00 00 20 25 00 00  2e 72 64 61 74 61 00 00
00 69 00 00 64 00 00 00  2e 72 64 61 74 61 24 76
6f 6c 74 6d 64 00 00 00  64 69 00 00 84 02 00 00
2e 72 64 61 74 61 24 7a  7a 7a 64 62 67 00 00 00
e8 6b 00 00 08 00 00 00  2e 72 74 63 24 49 41 41
00 00 00 00 f0 6b 00 00  08 00 00 00 2e 72 74 63
24 49 5a 5a 00 00 00 00  f8 6b 00 00 08 00 00 00
2e 72 74 63 24 54 41 41  00 00 00 00 00 6c 00 00
08 00 00 00 2e 72 74 63  24 54 5a 5a 00 00 00 00
08 6c 00 00 ec 02 00 00  2e 78 64 61 74 61 00 00
f4 6e 00 00 f0 00 00 00  2e 69 64 61 74 61 24 32
00 00 00 00 e4 6f 00 00  14 00 00 00 2e 69 64 61
74 61 24 33 00 00 00 00  f8 6f 00 00 50 03 00 00
2e 69 64 61 74 61 24 34  00 00 00 00 48 73 00 00
8e 08 00 00 2e 69 64 61  74 61 24 36 00 00 00 00
00 80 00 00 80 00 00 00  2e 64 61 74 61 00 00 00
80 80 00 00 18 06 00 00  2e 62 73 73 00 00 00 00
00 90 00 00 b8 02 00 00  2e 70 64 61 74 61 00 00
00 a0 00 00 60 00 00 00  2e 72 73 72 63 24 30 31
00 00 00 00 60 a0 00 00  80 01 00 00 2e 72 73 72
63 24 30 32 00 00 00 00  00 00 00 00 00 00 00 00
00 00 00 00 00 00 00 00  00 00 00 00 00 00 00 00
00 00 00 00 00 00 00 00  01 1b 04 00 1b 52 17 70
16 60 15 30 01 11 04 00  11 72 0d 60 0c 50 0b 30
21 05 02 00 05 74 07 00  70 10 00 00 ae 10 00 00
14 6c 00 00 21 05 02 00  05 e4 06 00 ae 10 00 00
b5 10 00 00 20 6c 00 00  21 00 00 00 ae 10 00 00
b5 10 00 00 20 6c 00 00  21 00 02 00 00 74 07 00
70 10 00 00 ae 10 00 00  14 6c 00 00 21 00 00 00
70 10 00 00 ae 10 00 00  14 6c 00 00 01 0a 04 00
0a 34 06 00 0a 32 06 70  19 2f 0b 00 1d 74 1d 00
1d 64 1c 00 1d 54 1b 00  1d 34 1a 00 1d 01 18 00
16 e0 00 00 f4 2e 00 00  b0 00 00 00 19 1c 04 00
0e d2 07 e0 05 60 04 50  f4 2e 00 00 60 00 00 00
21 0f 04 00 0f f4 15 00  04 c4 14 00 50 16 00 00
6c 16 00 00 ac 6c 00 00  21 08 02 00 08 34 12 00
6c 16 00 00 59 17 00 00  c0 6c 00 00 21 08 02 00
08 74 13 00 59 17 00 00  6c 17 00 00 d8 6c 00 00
21 00 00 00 59 17 00 00  6c 17 00 00 d8 6c 00 00
21 00 00 00 6c 16 00 00  59 17 00 00 c0 6c 00 00
21 00 00 00 50 16 00 00  6c 16 00 00 ac 6c 00 00
19 29 09 00 17 64 1c 00  17 34 1b 00 17 01 16 00
10 f0 0e e0 0c 70 00 00  70 2f 00 00 01 00 00 00
0a 1a 00 00 b1 1a 00 00  01 00 00 00 b1 1a 00 00
a1 00 00 00 19 26 05 00  15 74 bd 00 15 01 b8 00
06 50 00 00 f4 2e 00 00  b0 05 00 00 21 08 02 00
08 64 bc 00 40 1b 00 00  69 1b 00 00 64 6d 00 00
21 08 02 00 08 34 bb 00  69 1b 00 00 a6 1c 00 00
7c 6d 00 00 21 00 00 00  69 1b 00 00 a6 1c 00 00
7c 6d 00 00 21 00 00 00  40 1b 00 00 69 1b 00 00
64 6d 00 00 19 13 01 00  04 a2 00 00 f4 2e 00 00
40 00 00 00 21 05 02 00  05 34 0a 00 70 20 00 00
c2 20 00 00 c4 6d 00 00  21 00 00 00 70 20 00 00
c2 20 00 00 c4 6d 00 00  19 13 01 00 04 62 00 00
f4 2e 00 00 28 00 00 00  01 00 00 00 01 06 02 00
06 32 02 30 01 04 01 00  04 42 00 00 09 0f 06 00
0f 64 09 00 0f 34 08 00  0f 52 0b 70 50 2e 00 00
02 00 00 00 ad 22 00 00  b2 23 00 00 36 30 00 00
b2 23 00 00 e6 23 00 00  f8 23 00 00 36 30 00 00
b2 23 00 00 01 06 02 00  06 32 02 50 01 09 01 00
09 62 00 00 01 08 04 00  08 72 04 70 03 60 02 30
09 04 01 00 04 22 00 00  50 2e 00 00 01 00 00 00
9b 26 00 00 25 27 00 00  54 30 00 00 25 27 00 00
01 02 01 00 02 50 00 00  01 0d 04 00 0d 34 0a 00
0d 52 06 50 01 15 05 00  15 34 ba 00 15 01 b8 00
06 50 00 00 01 15 08 00  15 64 08 00 15 34 07 00
15 12 0e e0 0c 70 0b 50  01 00 00 00 00 00 00 00
01 00 00 00 01 02 01 00  02 30 00 00 01 19 0a 00
19 74 09 00 19 64 08 00  19 54 07 00 19 34 06 00
19 32 15 e0 78 70 00 00  00 00 00 00 00 00 00 00
ec 74 00 00 80 40 00 00  f8 6f 00 00 00 00 00 00
00 00 00 00 66 76 00 00  00 40 00 00 90 71 00 00
00 00 00 00 00 00 00 00  04 77 00 00 98 41 00 00
d0 71 00 00 00 00 00 00  00 00 00 00 44 77 00 00
d8 41 00 00 e8 71 00 00  00 00 00 00 00 00 00 00
a6 77 00 00 f0 41 00 00  00 73 00 00 00 00 00 00
00 00 00 00 e0 79 00 00  08 43 00 00 38 73 00 00
00 00 00 00 00 00 00 00  00 7a 00 00 40 43 00 00
18 72 00 00 00 00 00 00  00 00 00 00 22 7a 00 00
20 42 00 00 28 72 00 00  00 00 00 00 00 00 00 00
44 7a 00 00 30 42 00 00  68 72 00 00 00 00 00 00
00 00 00 00 64 7a 00 00  70 42 00 00 58 72 00 00
00 00 00 00 00 00 00 00  86 7a 00 00 60 42 00 00
48 72 00 00 00 00 00 00  00 00 00 00 a6 7a 00 00
50 42 00 00 00 00 00 00  00 00 00 00 00 00 00 00
00 00 00 00 00 00 00 00  02 76 00 00 00 00 00 00
4e 76 00 00 00 00 00 00  3e 76 00 00 00 00 00 00
30 76 00 00 00 00 00 00  1a 76 00 00 00 00 00 00
e8 75 00 00 00 00 00 00  d4 75 00 00 00 00 00 00
b6 75 00 00 00 00 00 00  96 75 00 00 00 00 00 00
86 75 00 00 00 00 00 00  6e 75 00 00 00 00 00 00
36 75 00 00 00 00 00 00  22 75 00 00 00 00 00 00
10 75 00 00 00 00 00 00  fa 74 00 00 00 00 00 00
00 00 00 00 00 00 00 00  64 74 00 00 00 00 00 00
6c 74 00 00 00 00 00 00  80 74 00 00 00 00 00 00
96 74 00 00 00 00 00 00  54 74 00 00 00 00 00 00
c8 74 00 00 00 00 00 00  d8 74 00 00 00 00 00 00
dc 7a 00 00 00 00 00 00  44 74 00 00 00 00 00 00
34 74 00 00 00 00 00 00  26 74 00 00 00 00 00 00
12 74 00 00 00 00 00 00  fc 73 00 00 00 00 00 00
ec 73 00 00 00 00 00 00  e4 73 00 00 00 00 00 00
d4 73 00 00 00 00 00 00  c2 73 00 00 00 00 00 00
ac 73 00 00 00 00 00 00  48 73 00 00 00 00 00 00
96 73 00 00 00 00 00 00  80 73 00 00 00 00 00 00
70 73 00 00 00 00 00 00  5c 73 00 00 00 00 00 00
ae 74 00 00 00 00 00 00  f6 7a 00 00 00 00 00 00
0a 7b 00 00 00 00 00 00  26 7b 00 00 00 00 00 00
44 7b 00 00 00 00 00 00  58 7b 00 00 00 00 00 00
74 7b 00 00 00 00 00 00  8e 7b 00 00 00 00 00 00
a4 7b 00 00 00 00 00 00  b8 7b 00 00 00 00 00 00
c8 7a 00 00 00 00 00 00  00 00 00 00 00 00 00 00
74 76 00 00 00 00 00 00  86 76 00 00 00 00 00 00
96 76 00 00 00 00 00 00  b6 76 00 00 00 00 00 00
d2 76 00 00 00 00 00 00  e4 76 00 00 00 00 00 00
f6 76 00 00 00 00 00 00  00 00 00 00 00 00 00 00
2a 77 00 00 00 00 00 00  10 77 00 00 00 00 00 00
00 00 00 00 00 00 00 00  cc 7b 00 00 00 00 00 00
68 77 00 00 00 00 00 00  50 77 00 00 00 00 00 00
7e 77 00 00 00 00 00 00  9c 77 00 00 00 00 00 00
00 00 00 00 00 00 00 00  fc 77 00 00 00 00 00 00
00 00 00 00 00 00 00 00  2a 78 00 00 00 00 00 00
22 78 00 00 00 00 00 00  6e 79 00 00 00 00 00 00
00 00 00 00 00 00 00 00  58 79 00 00 00 00 00 00
00 00 00 00 00 00 00 00  56 78 00 00 00 00 00 00
00 00 00 00 00 00 00 00  2a 79 00 00 00 00 00 00
16 79 00 00 00 00 00 00  08 79 00 00 00 00 00 00
fa 78 00 00 00 00 00 00  e4 78 00 00 00 00 00 00
8e 79 00 00 00 00 00 00  aa 79 00 00 00 00 00 00
c6 79 00 00 00 00 00 00  d4 79 00 00 00 00 00 00
dc 78 00 00 00 00 00 00  34 78 00 00 00 00 00 00
ce 78 00 00 00 00 00 00  c2 78 00 00 00 00 00 00
46 78 00 00 00 00 00 00  20 79 00 00 00 00 00 00
a2 78 00 00 00 00 00 00  6a 78 00 00 00 00 00 00
82 78 00 00 00 00 00 00  00 00 00 00 00 00 00 00
e0 77 00 00 00 00 00 00  7e 79 00 00 00 00 00 00
06 78 00 00 00 00 00 00  b8 77 00 00 00 00 00 00
ec 78 00 00 00 00 00 00  d6 77 00 00 00 00 00 00
00 00 00 00 00 00 00 00  ca 77 00 00 00 00 00 00
00 00 00 00 00 00 00 00  3b 02 47 65 74 43 75 72
72 65 6e 74 50 72 6f 63  65 73 73 00 f4 00 43 72
65 61 74 65 4e 61 6d 65  64 50 69 70 65 57 00 00
23 03 47 65 74 54 65 6d  70 50 61 74 68 57 00 00
1d 06 57 61 69 74 46 6f  72 53 69 6e 67 6c 65 4f
62 6a 65 63 74 00 40 02  47 65 74 43 75 72 72 65
6e 74 54 68 72 65 61 64  49 64 00 00 0b 03 47 65
74 53 79 73 74 65 6d 44  69 72 65 63 74 6f 72 79
57 00 49 01 44 75 70 6c  69 63 61 74 65 48 61 6e
64 6c 65 00 d6 00 43 72  65 61 74 65 45 76 65 6e
74 57 00 00 c0 05 53 6c  65 65 70 00 87 02 47 65
74 4c 61 73 74 45 72 72  6f 72 00 00 45 04 4f 75
74 70 75 74 44 65 62 75  67 53 74 72 69 6e 67 57
00 00 3f 02 47 65 74 43  75 72 72 65 6e 74 54 68
72 65 61 64 00 00 9c 00  43 6c 6f 73 65 48 61 6e
64 6c 65 00 0e 03 47 65  74 53 79 73 74 65 6d 49
6e 66 6f 00 f1 03 4c 6f  61 64 4c 69 62 72 61 72
79 57 00 00 0b 01 43 72  65 61 74 65 54 68 72 65
61 64 00 00 73 00 42 65  65 70 00 00 02 02 47 65
74 43 6f 6d 70 75 74 65  72 4e 61 6d 65 57 00 00
3c 02 47 65 74 43 75 72  72 65 6e 74 50 72 6f 63
65 73 73 49 64 00 6b 03  47 6c 6f 62 61 6c 4d 65
6d 6f 72 79 53 74 61 74  75 73 45 78 00 00 14 03
47 65 74 53 79 73 74 65  6d 54 69 6d 65 41 73 46
69 6c 65 54 69 6d 65 00  36 03 47 65 74 54 69 63
6b 43 6f 75 6e 74 00 00  b3 00 43 6f 6e 6e 65 63
74 4e 61 6d 65 64 50 69  70 65 00 00 4b 45 52 4e
45 4c 33 32 2e 64 6c 6c  00 00 5b 01 47 65 74 54
6f 6b 65 6e 49 6e 66 6f  72 6d 61 74 69 6f 6e 00
11 02 4f 70 65 6e 54 68  72 65 61 64 54 6f 6b 65
6e 00 f1 00 44 75 70 6c  69 63 61 74 65 54 6f 6b
65 6e 45 78 00 00 81 00  43 6f 6e 76 65 72 74 53
74 72 69 6e 67 53 65 63  75 72 69 74 79 44 65 73
63 72 69 70 74 6f 72 54  6f 53 65 63 75 72 69 74
79 44 65 73 63 72 69 70  74 6f 72 57 00 00 8b 00
43 72 65 61 74 65 50 72  6f 63 65 73 73 41 73 55
73 65 72 57 00 00 83 02  52 65 67 4f 70 65 6e 4b
65 79 45 78 57 00 7a 01  49 6e 69 74 69 61 6c 69
7a 65 53 65 63 75 72 69  74 79 44 65 73 63 72 69
70 74 6f 72 00 00 77 01  49 6d 70 65 72 73 6f 6e
61 74 65 4e 61 6d 65 64  50 69 70 65 43 6c 69 65
6e 74 00 00 0c 02 4f 70  65 6e 50 72 6f 63 65 73
73 54 6f 6b 65 6e 00 00  8d 00 43 72 65 61 74 65
50 72 6f 63 65 73 73 57  69 74 68 54 6f 6b 65 6e
57 00 98 01 4c 6f 6f 6b  75 70 50 72 69 76 69 6c
65 67 65 4e 61 6d 65 57  00 00 eb 02 53 65 74 54
6f 6b 65 6e 49 6e 66 6f  72 6d 61 74 69 6f 6e 00
52 02 52 65 67 43 6c 6f  73 65 4b 65 79 00 b8 02
52 65 76 65 72 74 54 6f  53 65 6c 66 00 00 1f 00
41 64 6a 75 73 74 54 6f  6b 65 6e 50 72 69 76 69
6c 65 67 65 73 00 41 44  56 41 50 49 33 32 2e 64
6c 6c 00 00 a4 00 4e 64  72 43 6c 69 65 6e 74 43
61 6c 6c 33 00 00 27 02  55 75 69 64 54 6f 53 74
72 69 6e 67 57 00 76 01  52 70 63 42 69 6e 64 69
6e 67 46 72 6f 6d 53 74  72 69 6e 67 42 69 6e 64
69 6e 67 57 00 00 11 02  52 70 63 53 74 72 69 6e
67 42 69 6e 64 69 6e 67  43 6f 6d 70 6f 73 65 57
00 00 15 02 52 70 63 53  74 72 69 6e 67 46 72 65
65 57 00 00 74 01 52 70  63 42 69 6e 64 69 6e 67
46 72 65 65 00 00 1e 02  55 75 69 64 43 72 65 61
74 65 00 00 52 50 43 52  54 34 2e 64 6c 6c 00 00
0a 00 44 65 73 74 72 6f  79 45 6e 76 69 72 6f 6e
6d 65 6e 74 42 6c 6f 63  6b 00 03 00 43 72 65 61
74 65 45 6e 76 69 72 6f  6e 6d 65 6e 74 42 6c 6f
63 6b 00 00 55 53 45 52  45 4e 56 2e 64 6c 6c 00
08 00 5f 5f 43 5f 73 70  65 63 69 66 69 63 5f 68
61 6e 64 6c 65 72 00 00  1b 00 5f 5f 63 75 72 72
65 6e 74 5f 65 78 63 65  70 74 69 6f 6e 00 1c 00
5f 5f 63 75 72 72 65 6e  74 5f 65 78 63 65 70 74
69 6f 6e 5f 63 6f 6e 74  65 78 74 00 3e 00 6d 65
6d 73 65 74 00 00 56 43  52 55 4e 54 49 4d 45 31
34 30 2e 64 6c 6c 00 00  00 00 5f 5f 61 63 72 74
5f 69 6f 62 5f 66 75 6e  63 00 4a 00 5f 77 63 73
69 63 6d 70 00 00 77 00  66 66 6c 75 73 68 00 00
07 00 5f 5f 73 74 64 69  6f 5f 63 6f 6d 6d 6f 6e
5f 76 66 77 70 72 69 6e  74 66 00 00 73 00 77 63
73 74 6f 75 6c 00 11 00  5f 5f 73 74 64 69 6f 5f
63 6f 6d 6d 6f 6e 5f 76  73 77 70 72 69 6e 74 66
00 00 18 00 66 72 65 65  00 00 19 00 6d 61 6c 6c
6f 63 00 00 40 00 5f 73  65 68 5f 66 69 6c 74 65
72 5f 65 78 65 00 42 00  5f 73 65 74 5f 61 70 70
5f 74 79 70 65 00 09 00  5f 5f 73 65 74 75 73 65
72 6d 61 74 68 65 72 72  00 00 19 00 5f 63 6f 6e
66 69 67 75 72 65 5f 77  69 64 65 5f 61 72 67 76
00 00 35 00 5f 69 6e 69  74 69 61 6c 69 7a 65 5f
77 69 64 65 5f 65 6e 76  69 72 6f 6e 6d 65 6e 74
00 00 29 00 5f 67 65 74  5f 69 6e 69 74 69 61 6c
5f 77 69 64 65 5f 65 6e  76 69 72 6f 6e 6d 65 6e
74 00 36 00 5f 69 6e 69  74 74 65 72 6d 00 37 00
5f 69 6e 69 74 74 65 72  6d 5f 65 00 55 00 65 78
69 74 00 00 23 00 5f 65  78 69 74 00 54 00 5f 73
65 74 5f 66 6d 6f 64 65  00 00 04 00 5f 5f 70 5f
5f 5f 61 72 67 63 00 00  06 00 5f 5f 70 5f 5f 5f
77 61 72 67 76 00 16 00  5f 63 65 78 69 74 00 00
15 00 5f 63 5f 65 78 69  74 00 3d 00 5f 72 65 67
69 73 74 65 72 5f 74 68  72 65 61 64 5f 6c 6f 63
61 6c 5f 65 78 65 5f 61  74 65 78 69 74 5f 63 61
6c 6c 62 61 63 6b 00 00  08 00 5f 63 6f 6e 66 69
67 74 68 72 65 61 64 6c  6f 63 61 6c 65 00 16 00
5f 73 65 74 5f 6e 65 77  5f 6d 6f 64 65 00 01 00
5f 5f 70 5f 5f 63 6f 6d  6d 6f 64 65 00 00 34 00
5f 69 6e 69 74 69 61 6c  69 7a 65 5f 6f 6e 65 78
69 74 5f 74 61 62 6c 65  00 00 3c 00 5f 72 65 67
69 73 74 65 72 5f 6f 6e  65 78 69 74 5f 66 75 6e
63 74 69 6f 6e 00 1e 00  5f 63 72 74 5f 61 74 65
78 69 74 00 67 00 74 65  72 6d 69 6e 61 74 65 00
61 70 69 2d 6d 73 2d 77  69 6e 2d 63 72 74 2d 73
74 64 69 6f 2d 6c 31 2d  31 2d 30 2e 64 6c 6c 00
61 70 69 2d 6d 73 2d 77  69 6e 2d 63 72 74 2d 73
74 72 69 6e 67 2d 6c 31  2d 31 2d 30 2e 64 6c 6c
00 00 61 70 69 2d 6d 73  2d 77 69 6e 2d 63 72 74
2d 63 6f 6e 76 65 72 74  2d 6c 31 2d 31 2d 30 2e
64 6c 6c 00 61 70 69 2d  6d 73 2d 77 69 6e 2d 63
72 74 2d 68 65 61 70 2d  6c 31 2d 31 2d 30 2e 64
6c 6c 00 00 61 70 69 2d  6d 73 2d 77 69 6e 2d 63
72 74 2d 72 75 6e 74 69  6d 65 2d 6c 31 2d 31 2d
30 2e 64 6c 6c 00 61 70  69 2d 6d 73 2d 77 69 6e
2d 63 72 74 2d 6d 61 74  68 2d 6c 31 2d 31 2d 30
2e 64 6c 6c 00 00 61 70  69 2d 6d 73 2d 77 69 6e
2d 63 72 74 2d 6c 6f 63  61 6c 65 2d 6c 31 2d 31
2d 30 2e 64 6c 6c 00 00  01 05 52 74 6c 43 61 70
74 75 72 65 43 6f 6e 74  65 78 74 00 09 05 52 74
6c 4c 6f 6f 6b 75 70 46  75 6e 63 74 69 6f 6e 45
6e 74 72 79 00 00 10 05  52 74 6c 56 69 72 74 75
61 6c 55 6e 77 69 6e 64  00 00 f3 05 55 6e 68 61
6e 64 6c 65 64 45 78 63  65 70 74 69 6f 6e 46 69
6c 74 65 72 00 00 b0 05  53 65 74 55 6e 68 61 6e
64 6c 65 64 45 78 63 65  70 74 69 6f 6e 46 69 6c
74 65 72 00 d0 05 54 65  72 6d 69 6e 61 74 65 50
72 6f 63 65 73 73 00 00  b2 03 49 73 50 72 6f 63
65 73 73 6f 72 46 65 61  74 75 72 65 50 72 65 73
65 6e 74 00 7b 04 51 75  65 72 79 50 65 72 66 6f
72 6d 61 6e 63 65 43 6f  75 6e 74 65 72 00 94 03
49 6e 69 74 69 61 6c 69  7a 65 53 4c 69 73 74 48
65 61 64 00 aa 03 49 73  44 65 62 75 67 67 65 72
50 72 65 73 65 6e 74 00  9f 02 47 65 74 4d 6f 64
75 6c 65 48 61 6e 64 6c  65 57 00 00 3c 00 6d 65
6d 63 70 79 00 00 00 00  00 00 00 00 00 00 00 00
00 00 00 00 00 00 00 00  00 00 00 00 00 00 00 00
00 00 00 00 00 00 00 00  00 00 00 00 00 00 00 00
32 a2 df 2d 99 2b 00 00  00 00 00 00 00 00 00 00
00 00 00 00 00 00 00 00  00 00 00 00 00 00 00 00
00 00 00 00 00 00 00 00  00 00 00 00 00 00 00 00
00 00 00 00 00 00 00 00  00 00 00 00 00 00 00 00
cd 5d 20 d2 66 d4 ff ff  ff ff ff ff 01 00 00 00
ff ff ff ff ff ff ff ff  01 00 00 00 02 00 00 00
00 00 08 00 00 00 00 00  00 00 00 02 00 00 00 00
01 00 00 00 00 00 00 00  00 00 00 00 00 00 00 00
00 00 00 00 00 00 00 00  00 00 00 00 00 00 00 00
00 00 00 00 00 00 00 00  00 00 00 00 00 00 00 00
00 00 00 00 00 00 00 00  00 00 00 00 00 00 00 00
00 00 00 00 00 00 00 00  00 00 00 00 00 00 00 00
00 00 00 00 00 00 00 00  00 00 00 00 00 00 00 00
00 00 00 00 00 00 00 00  00 00 00 00 00 00 00 00
00 00 00 00 00 00 00 00  00 00 00 00 00 00 00 00
00 00 00 00 00 00 00 00  00 00 00 00 00 00 00 00
00 00 00 00 00 00 00 00  00 00 00 00 00 00 00 00
00 00 00 00 00 00 00 00  00 00 00 00 00 00 00 00
00 00 00 00 00 00 00 00  00 00 00 00 00 00 00 00
00 00 00 00 00 00 00 00  00 00 00 00 00 00 00 00
00 00 00 00 00 00 00 00  00 00 00 00 00 00 00 00
00 00 00 00 00 00 00 00  00 00 00 00 00 00 00 00
00 00 00 00 00 00 00 00  00 00 00 00 00 00 00 00
00 00 00 00 00 00 00 00  00 00 00 00 00 00 00 00
00 00 00 00 00 00 00 00  00 00 00 00 00 00 00 00
00 00 00 00 00 00 00 00  00 00 00 00 00 00 00 00
00 00 00 00 00 00 00 00  00 00 00 00 00 00 00 00
00 00 00 00 00 00 00 00  00 00 00 00 00 00 00 00
00 00 00 00 00 00 00 00  00 00 00 00 00 00 00 00
00 00 00 00 00 00 00 00  00 00 00 00 00 00 00 00
00 00 00 00 00 00 00 00  00 00 00 00 00 00 00 00
00 00 00 00 00 00 00 00  00 00 00 00 00 00 00 00
10 10 00 00 65 10 00 00  08 6c 00 00 70 10 00 00
ae 10 00 00 14 6c 00 00  ae 10 00 00 b5 10 00 00
20 6c 00 00 b5 10 00 00  fb 10 00 00 34 6c 00 00
fb 10 00 00 17 11 00 00  48 6c 00 00 17 11 00 00
27 11 00 00 58 6c 00 00  27 11 00 00 2f 11 00 00
6c 6c 00 00 30 11 00 00  ea 12 00 00 7c 6c 00 00
f0 12 00 00 41 16 00 00  88 6c 00 00 50 16 00 00
6c 16 00 00 ac 6c 00 00  6c 16 00 00 59 17 00 00
c0 6c 00 00 59 17 00 00  6c 17 00 00 d8 6c 00 00
6c 17 00 00 c9 18 00 00  ec 6c 00 00 c9 18 00 00
d1 18 00 00 00 6d 00 00  d1 18 00 00 ea 18 00 00
10 6d 00 00 ea 18 00 00  16 19 00 00 20 6d 00 00
20 19 00 00 3d 1b 00 00  30 6d 00 00 40 1b 00 00
69 1b 00 00 64 6d 00 00  69 1b 00 00 a6 1c 00 00
7c 6d 00 00 a6 1c 00 00  e1 1f 00 00 90 6d 00 00
e1 1f 00 00 21 20 00 00  a4 6d 00 00 21 20 00 00
67 20 00 00 b4 6d 00 00  70 20 00 00 c2 20 00 00
c4 6d 00 00 c2 20 00 00  e3 20 00 00 d4 6d 00 00
e3 20 00 00 0e 21 00 00  e8 6d 00 00 10 21 00 00
45 21 00 00 f8 6d 00 00  80 21 00 00 9e 21 00 00
08 6e 00 00 a0 21 00 00  56 22 00 00 0c 6e 00 00
58 22 00 00 68 22 00 00  14 6e 00 00 68 22 00 00
81 22 00 00 14 6e 00 00  84 22 00 00 00 24 00 00
1c 6e 00 00 00 24 00 00  12 24 00 00 14 6e 00 00
14 24 00 00 48 24 00 00  0c 6e 00 00 48 24 00 00
1b 25 00 00 5c 6e 00 00  1c 25 00 00 8d 25 00 00
64 6e 00 00 90 25 00 00  c9 25 00 00 14 6e 00 00
cc 25 00 00 06 26 00 00  14 6e 00 00 08 26 00 00
93 26 00 00 0c 6e 00 00  94 26 00 00 2c 27 00 00
70 6e 00 00 2c 27 00 00  50 27 00 00 0c 6e 00 00
50 27 00 00 79 27 00 00  0c 6e 00 00 7c 27 00 00
b6 27 00 00 0c 6e 00 00  b8 27 00 00 cf 27 00 00
14 6e 00 00 d0 27 00 00  7c 28 00 00 98 6e 00 00
b0 28 00 00 cb 28 00 00  14 6e 00 00 f0 28 00 00
38 2a 00 00 a4 6e 00 00  40 2a 00 00 91 2a 00 00
14 6e 00 00 a4 2a 00 00  ff 2a 00 00 7c 6c 00 00
00 2b 00 00 3c 2b 00 00  7c 6c 00 00 3c 2b 00 00
78 2b 00 00 7c 6c 00 00  78 2b 00 00 42 2e 00 00
b4 6e 00 00 f4 2e 00 00  11 2f 00 00 14 6e 00 00
14 2f 00 00 6f 2f 00 00  d4 6e 00 00 70 2f 00 00
f5 2f 00 00 dc 6e 00 00  10 30 00 00 12 30 00 00
c8 6e 00 00 30 30 00 00  36 30 00 00 d0 6e 00 00
36 30 00 00 54 30 00 00  54 6e 00 00 54 30 00 00
6c 30 00 00 90 6e 00 00  00 00 00 00 00 00 00 00
00 00 00 00 00 00 00 00  00 00 00 00 00 00 00 00
00 00 00 00 00 00 00 00  00 00 00 00 00 00 00 00
00 00 00 00 00 00 00 00  00 00 00 00 00 00 00 00
00 00 00 00 00 00 00 00  00 00 00 00 00 00 00 00
00 00 00 00 00 00 00 00  00 00 00 00 00 00 00 00
00 00 00 00 00 00 00 00  00 00 00 00 00 00 00 00
00 00 00 00 00 00 00 00  00 00 00 00 00 00 00 00
00 00 00 00 00 00 00 00  00 00 00 00 00 00 00 00
00 00 00 00 00 00 00 00  00 00 00 00 00 00 00 00
00 00 00 00 00 00 00 00  00 00 00 00 00 00 00 00
00 00 00 00 00 00 00 00  00 00 00 00 00 00 00 00
00 00 00 00 00 00 00 00  00 00 00 00 00 00 00 00
00 00 00 00 00 00 00 00  00 00 00 00 00 00 00 00
00 00 00 00 00 00 00 00  00 00 00 00 00 00 00 00
00 00 00 00 00 00 00 00  00 00 00 00 00 00 00 00
00 00 00 00 00 00 00 00  00 00 00 00 00 00 00 00
00 00 00 00 00 00 00 00  00 00 00 00 00 00 00 00
00 00 00 00 00 00 00 00  00 00 00 00 00 00 00 00
00 00 00 00 00 00 00 00  00 00 00 00 00 00 00 00
00 00 00 00 00 00 00 00  00 00 00 00 00 00 00 00
00 00 00 00 00 00 00 00  00 00 00 00 00 00 01 00
18 00 00 00 18 00 00 80  00 00 00 00 00 00 00 00
00 00 00 00 00 00 01 00  01 00 00 00 30 00 00 80
00 00 00 00 00 00 00 00  00 00 00 00 00 00 01 00
09 04 00 00 48 00 00 00  60 a0 00 00 7d 01 00 00
00 00 00 00 00 00 00 00  00 00 00 00 00 00 00 00
3c 3f 78 6d 6c 20 76 65  72 73 69 6f 6e 3d 27 31
2e 30 27 20 65 6e 63 6f  64 69 6e 67 3d 27 55 54
46 2d 38 27 20 73 74 61  6e 64 61 6c 6f 6e 65 3d
27 79 65 73 27 3f 3e 0d  0a 3c 61 73 73 65 6d 62
6c 79 20 78 6d 6c 6e 73  3d 27 75 72 6e 3a 73 63
68 65 6d 61 73 2d 6d 69  63 72 6f 73 6f 66 74 2d
63 6f 6d 3a 61 73 6d 2e  76 31 27 20 6d 61 6e 69
66 65 73 74 56 65 72 73  69 6f 6e 3d 27 31 2e 30
27 3e 0d 0a 20 20 3c 74  72 75 73 74 49 6e 66 6f
20 78 6d 6c 6e 73 3d 22  75 72 6e 3a 73 63 68 65
6d 61 73 2d 6d 69 63 72  6f 73 6f 66 74 2d 63 6f
6d 3a 61 73 6d 2e 76 33  22 3e 0d 0a 20 20 20 20
3c 73 65 63 75 72 69 74  79 3e 0d 0a 20 20 20 20
20 20 3c 72 65 71 75 65  73 74 65 64 50 72 69 76
69 6c 65 67 65 73 3e 0d  0a 20 20 20 20 20 20 20
20 3c 72 65 71 75 65 73  74 65 64 45 78 65 63 75
74 69 6f 6e 4c 65 76 65  6c 20 6c 65 76 65 6c 3d
27 61 73 49 6e 76 6f 6b  65 72 27 20 75 69 41 63
63 65 73 73 3d 27 66 61  6c 73 65 27 20 2f 3e 0d
0a 20 20 20 20 20 20 3c  2f 72 65 71 75 65 73 74
65 64 50 72 69 76 69 6c  65 67 65 73 3e 0d 0a 20
20 20 20 3c 2f 73 65 63  75 72 69 74 79 3e 0d 0a
20 20 3c 2f 74 72 75 73  74 49 6e 66 6f 3e 0d 0a
3c 2f 61 73 73 65 6d 62  6c 79 3e 0d 0a 00 00 00
00 00 00 00 00 00 00 00  00 00 00 00 00 00 00 00
00 00 00 00 00 00 00 00  00 00 00 00 00 00 00 00
00 40 00 00 fc 00 00 00  50 a3 58 a3 60 a3 68 a3
70 a3 80 a3 90 a3 a8 a3  b0 a3 e0 a3 e8 a3 40 a4
50 a4 58 a4 90 a4 a0 a4  b0 a4 c0 a4 d0 a4 e0 a4
18 a5 40 a5 48 a5 50 a5  58 a5 60 a5 68 a5 70 a5
78 a5 80 a5 88 a5 90 a5  98 a5 a0 a5 a8 a5 b0 a5
b8 a5 c0 a5 c8 a5 d0 a5  d8 a5 e0 a5 e8 a5 f0 a5
f8 a5 00 a6 08 a6 10 a6  18 a6 20 a6 28 a6 30 a6
38 a6 40 a6 48 a6 50 a6  58 a6 60 a6 68 a6 70 a6
78 a6 80 a6 88 a6 90 a6  98 a6 a0 a6 a8 a6 b0 a6
b8 a6 c0 a6 c8 a6 d0 a6  d8 a6 e0 a6 e8 a6 f0 a6
f8 a6 00 a7 08 a7 10 a7  18 a7 20 a7 28 a7 30 a7
38 a7 40 a7 48 a7 58 a7  60 a7 68 a7 70 a7 78 a7
88 a7 30 a8 88 a8 d0 a8  e0 a8 f0 a8 f8 a8 00 a9
08 a9 18 a9 30 a9 78 a9  90 a9 a0 a9 c8 a9 20 aa
28 aa 30 aa 78 aa a8 aa  d0 aa 00 ab 10 ab 20 ab
30 ab 40 ab 50 ab 60 ab  90 ab 00 00 00 50 00 00
1c 00 00 00 f8 a4 00 a5  18 a5 40 a5 58 a5 f8 a5
08 a6 30 a6 40 a6 00 00  00 60 00 00 1c 00 00 00
78 a7 90 a7 98 a7 20 a8  38 a8 40 a8 48 a8 50 a8
58 a8 00 00 00 00 00 00  00 00 00 00 00 00 00 00
00 00 00 00 00 00 00 00  00 00 00 00 00 00 00 00
00 00 00 00 00 00 00 00  00 00 00 00 00 00 00 00
00 00 00 00 00 00 00 00  00 00 00 00 00 00 00 00
00 00 00 00 00 00 00 00  00 00 00 00 00 00 00 00
00 00 00 00 00 00 00 00  00 00 00 00 00 00 00 00
00 00 00 00 00 00 00 00  00 00 00 00 00 00 00 00
00 00 00 00 00 00 00 00  00 00 00 00 00 00 00 00
00 00 00 00 00 00 00 00  00 00 00 00 00 00 00 00
00 00 00 00 00 00 00 00  00 00 00 00 00 00 00 00
00 00 00 00 00 00 00 00  00 00 00 00 00 00 00 00
00 00 00 00 00 00 00 00  00 00 00 00 00 00 00 00
00 00 00 00 00 00 00 00  00 00 00 00 00 00 00 00
